4496	-6.5097999999999985	5.85799999999999	-0.0008879999999999999
4502	-9.732	11.689000000000021	-0.04397699999999999
3389	-514.4539799999995	450.65689999999984	-0.15206550000000008
3389	0	0	0
11	-101.95399999999998	74.02799999999999	0.12106610000000001
4634	29.23199999999997	5.207000000000022	0.07391060000000008
38	-1.9329999999999927	-14.27800000000002	-0.07331200000000002
59	11.708999999999975	27.25	0.03695180000000001
59	0	0	0
59	0	0	0
59	0	0	0
59	0	0	0
59	0	0	0
59	0	0	0
59	0	0	0
4496	-9.736500000000007	5.846000000000004	0.002978000000000036
4496	-8.452000000000012	5.200000000000003	-0.06932100000000008
4499	-11.6826	3.9180000000000206	-0.016821799999999984
4538	-13.007000000000005	5.850999999999999	0.21480010000000016
578	-55.35549999999998	-31.878000000000085	-0.025278000000000023
578	0	0	0
578	0	0	0
128	1.28900000000003	2.651999999999987	-0.0044592999999999924
128	0	0	0
4289	-27.71690000000001	-6.950999999999979	-0.006438699999999964
