1217	355.044	-63.57530000000013	1.424164300000001
797	-566.3799999999997	-77.29140000000021	-0.1807285
497	-9.846899999999977	-466.63669999999996	0.40765529999999983
29	14.688999999999965	25.41599999999997	0.1072795
20	-50.85300000000004	26.427999999999997	-0.07415450000000001
977	180.99099999999927	808.9443999999992	0.3562971
8	-126.15799999999999	143.80100000000002	0.0028286999999999965
23	0.10300000000000864	4.90900000000002	-0.10842700000000002
2	-252.39400000000003	17.608000000000004	-0.08215760000000001
2	-248.45999999999998	15.65300000000002	0.016514000000000015
5	-237.699	-39.133999999999986	-0.0018169000000000032
2	-235.767	-62.62900000000002	0.017712200000000004
5	-392.274	-9.765999999999991	-0.03925130000000001
2	-268.046	-16.626000000000005	0.012981099999999995
2	0	0	0
1091	403.18700000000024	100.7067	1.3801096999999993
1232	80.19699999999983	256.34749999999985	2.024418100000002
956	33.22299999999993	290.46400000000006	0.4348573999999996
884	661.3490000000013	313.04050000000007	0.5634482999999997
155	29.275999999999954	34.10399999999996	-0.03861279999999999
2	2.937000000000012	-3.9110000000000014	0.008822899999999995
29	-25.351999999999975	-22.470999999999975	-0.007076399999999997
29	0	0	0
29	0	0	0
98	-216.657	-68.21879999999997	-0.013675400000000011
