4496	0.031999999999982265	19.534999999999997	-0.04731099999999999
4496	11.753000000000043	-6.476999999999975	-0.029668000000000028
4496	18.29000000000002	3.9350000000000023	-0.04917100000000002
4496	0	0	0
4496	0	0	0
4496	-5.2169999999999845	-10.437999999999988	0.04181699999999999
17	5.27800000000002	0.006000000000028649	-0.017554800000000002
17	0	0	0
17	0	0	0
17	0	0	0
17	0	0	0
17	0	0	0
17	0	0	0
17	0	0	0
17	0	0	0
4496	2.555999999999983	10.396999999999991	0.04441700000000004
4496	5.186999999999955	10.370999999999981	0.03805700000000001
4496	1.3150000000000261	9.138000000000005	-0.14154099999999992
4496	-5.160000000000025	5.2309999999999945	0.09789899999999996
1613	266.7720000000002	-132.76299999999992	0.32900979999999935
1613	0	0	0
1613	0	0	0
1385	66.67800000000011	18.214000000000283	-0.005453600000000003
1385	0	0	0
2039	4.986000000000217	58.52300000000005	0.10057660000000009
