4502	424.02195	-64.64999999999998	-0.23454119999999995
4568	19.672999999999888	37.375999999999976	0.06379769999999979
4820	152.67699999999746	-31.20400000000018	-0.09162630000000047
4484	266.7499999999999	-72.53100000000018	-0.5231317000000015
983	837.801000000001	911.5680000000004	-2.6947366
4706	225.1879999999992	280.1890000000003	-0.16711070000000017
4832	1059.3149999999978	513.55	0.11137299999999925
587	-2711.4540000000006	-248.67799999999994	-0.31694700000000003
587	0	0	0
587	0	0	0
587	0	0	0
587	0	0	0
587	0	0	0
587	0	0	0
2	-7.789999999999964	94.08899999999994	-0.012152299999999991
4496	-13.734000000000037	29.36099999999999	0.08744199999999991
4502	-169.56509	47.303	-0.11005060000000003
3086	-123.29399999999987	-645.9820000000002	-7.076780999999997
3641	-225.31540000000015	468.9270000000002	-0.19443520000000192
200	-293.6559999999996	406.1610000000001	-0.034876099999999986
35	31.2259999999998	23.16300000000001	0.014328100000000003
74	48.827	80.26400000000007	0.003967300000000007
5	-37.196000000000026	-47.013000000000034	-0.057408500000000015
5	-31.35499999999999	-54.851	-0.021706700000000002
3182	-28.625999999998555	-55.24999999999983	0.2416898
