5411	38.59400000000005	9.274999999999864	-0.9927641999999987
6065	166.7790000000009	-40.471000000000004	-0.01787700000000192
5735	124.84499999999935	-5.83600000000024	-0.23609000000000036
5123	-744.8439999999999	169.80199999999894	0.6552537000000002
4634	372.50600000000065	-74.36500000000007	0.622662400000001
5942	113.6189999999998	-13.210999999999785	0.2188817000000014
5084	323.05899999999997	-78.05299999999983	-0.7154830000000004
4583	105.86899999999963	-384.575	0.4464690000000002
4130	716.9890000000004	-664.6939999999997	-0.17725909999999956
3365	374.18199999999956	-502.93500000000097	-0.16792239999999964
2429	313.16700000000003	-350.78099999999955	0.8190993000000001
161	144.86900000000037	50.71600000000018	-0.14692559999999996
4220	494.20799999999974	-628.7619999999995	-1.384892999999997
416	855.7749999999995	-644.6480000000001	-0.4120539999999996
155	121.77299999999991	42.98000000000019	-0.11454609999999997
5273	46.636999999999716	3.4300000000004047	-0.3645678999999997
5234	918.2870000000005	-111.4489999999999	-0.14820890000000012
5081	521.1500000000001	47.07499999999976	-0.08501550000000035
4928	-1057.4769999999994	-37.172000000000025	-0.9601013000000014
119	-307.89899999999983	-74.33500000000004	-0.09531369999999996
80	1.7430000000006203	7.836999999999989	-0.0479337
83	-203.654	344.66899999999987	-0.015408799999999986
71	2.119000000000028	-0.08900000000005548	-0.06500060000000002
83	19.619999999999663	-2.241000000000099	-0.1082792
3467	257.1870000000009	12.71900000000008	-0.05946479999999997
