3284	-324.1197000000002	-4.514300000000091	-0.9969999000000004
3212	392.1728999999999	175.33100000000007	-0.9179955000000002
1985	-217.63940000000014	17.57799999999969	0.031768800000000014
53	-221.46669999999995	-7.128	0.027742200000000022
89	119.54599999999999	-28.540000000000035	0.018705800000000036
3371	704.0137	318.16200000000003	0.21382840000000058
104	-222.79300000000003	12.341000000000065	-0.2503159000000001
134	186.4030000000001	-11.10499999999999	0.010558600000000043
32	98.71600000000002	18.823000000000008	0.027029499999999984
23	-94.14720000000004	-49.35800000000002	0.027991399999999986
23	0	0	0
23	0	0	0
29	-155.87700000000007	5.847000000000008	-0.012964899999999988
5	-98.076	-14.942000000000007	0.022145000000000012
5	0	0	0
3179	-335.78639999999996	-85.8548999999999	0.2620761999999995
3302	41.06779999999951	-116.8394000000001	-1.6984043000000004
3056	489.65899999999976	-161.61429999999987	-0.9964931999999997
2600	-233.14099999999988	-151.30259999999976	-1.3900988000000025
1283	-29.811000000000035	6.477799999999945	0.05220629999999998
1283	0	0	0
95	5.848000000000013	-14.424300000000017	0.021362300000000015
95	0	0	0
95	0	0	0
152	45.09200000000001	36.2239	-0.00885080000000002
