4514	32.98901999999987	-94.356	0.1403241
4496	20.894999999999982	-3.5310000000000628	0.13882699999999998
3560	-600.2375200000004	188.45899999999983	0.9580335000000022
44	47.01835	-70.01299999999992	0.2342112
470	-1868.9224100000008	157.54000000000065	0.07237510000000029
4508	143.01400000000024	-66.3409999999999	0.09103969999999997
122	-35.24528000000005	555.4950000000001	0.5834483
638	-2486.948769999999	-995.5909999999994	1.0206549000000016
638	0	0	0
638	0	0	0
14	675.3770099999999	-34.75	0.0562713
14	0	0	0
14	0	0	0
32	682.5514699999999	-76.5970000000001	0.10142750000000005
32	0	0	0
4496	76.709	-125.61900000000003	0.038161
4502	24.650999999999954	-122.28400000000005	0.09213400000000005
4397	117.03667000000002	-143.43500000000006	0.5119097999999996
4424	21.02906999999996	66.45100000000002	-0.9560217999999989
1250	-1150.2062300000005	-494.68400000000054	0.05009829999999996
17	-13.481999999999971	-3.629000000000019	0.00011350000000000249
8	394.6530000000001	31.448000000000093	0.009743699999999994
1535	-290.05416000000014	194.74599999999953	0.05488300000000001
2	20.757999999999925	-6.9249999999999545	0.016504699999999997
3698	88.02259999999995	-436.2169999999997	0.007956899999999996
