2579	154.64399999999978	-149.791	-1.5663074999999997
2597	-207.409	-281.66600000000045	1.1076832
2384	-532.1800000000007	-254.3227999999998	0.6135501999999996
47	1.9161000000000001	80.21400000000006	0.13078270000000003
44	-122.35529999999997	233.77599999999995	0.13991579999999998
1967	-721.9120000000013	725.7069000000004	0.6078587000000001
2	0.978999999999985	9.783999999999992	-0.011146000000000003
11	-37.20100000000002	-91.90299999999999	0.25151110000000004
5	6.848000000000013	19.552999999999997	-0.0061481999999999995
8	18.596000000000032	21.525999999999954	-0.015661800000000003
2	-0.0049999999999954525	-0.9630000000000081	0.0006001999999999952
2	0	0	0
2	7.823000000000036	-0.0010000000000331966	0.0008985000000000035
2	0	0	0
2	0	0	0
2600	-49.879000000000076	20.4820000000001	-0.8964051000000002
2372	752.5176399999996	-129.9413000000001	1.6277564999999994
2195	-98.74600000000001	-138.911	0.15060350000000008
2222	89.05499999999995	125.8064	-0.07596110000000039
1355	36.438999999999794	19.872000000000014	-0.08923789999999998
221	10.763000000000034	-8.975000000000051	0.0029679000000000094
1262	79.30700000000041	-28.49600000000001	-0.008107500000000017
1262	0	0	0
1262	0	0	0
395	131.15200000000002	115.56190000000001	0.13824090000000003
