4790	185.3449999999997	67.31900000000041	0.8968305999999999
2	-35.317999999999984	61.803999999999974	0.0042161
2	0	0	0
2	0	0	0
2	0	0	0
2	0	0	0
2	0	0	0
2	0	0	0
2	0	0	0
2	0	0	0
2	0	0	0
2	0	0	0
2	0	0	0
2	0	0	0
2	0	0	0
8924	-6044.217000000017	350.4270000000001	0.5499480000000004
8852	56.07000000000062	-437.56999999999994	1.5367788000000007
4748	729.8660000000006	398.0109999999996	0.20015919999999984
1367	1694.9070000000006	-1565.4489999999996	-0.5360616999999999
1367	0	0	0
1367	0	0	0
4466	-7.960000000000036	5.926399999999987	0.0008342999999999962
4466	0	0	0
4466	0	0	0
3566	-11.80000000000041	-160.61499999999998	0.2738494999999994
