1982	31.252000000000038	65.16300000000004	-0.41758400000000007
2762	-177.71299999999988	138.3800000000001	0.43794349999999976
2153	-405.97309999999976	-28.734000000000094	0.07361480000000001
2153	0	0	0
17	10.420999999999992	15.715000000000003	-0.08126319999999998
3623	511.7194	13.087999999999994	-0.5053332999999993
3623	0	0	0
11	3.8799999999999955	105.69200000000004	-0.1173103
11	0	0	0
11	0	0	0
11	0	0	0
11	0	0	0
11	0	0	0
11	0	0	0
11	0	0	0
1979	11.811999999999955	-48.264999999999986	-1.3331701000000011
1973	43.08199999999994	50.886000000000024	-0.19273600000000002
1949	104.35599999999998	-66.57100000000005	-0.5188729999999996
1952	44.45700000000011	185.289	0.42050919999999975
1622	-28.355999999999966	32.50500000000005	0.013099800000000043
20	-3.948000000000036	6.11699999999999	-0.007129100000000006
671	-20.629000000000275	23.76099999999994	-0.020838300000000018
671	0	0	0
671	0	0	0
122	3.577000000000041	-4.632000000000033	-0.040655800000000034
