1457	107.3250000000001	5.437000000000069	0.7605108
1310	-395.44936000000007	-629.4030000000002	0.21405970000000002
1442	-51.71959999999996	-48.946999999999974	0.2738809
20	-37.03577000000001	-310.0420000000001	0.06355680000000002
14	82.1225	-39.70199999999991	0.11803369999999999
977	740.5337	148.1819999999999	-0.17946289999999987
35	-1.2843599999999995	6.658999999999935	0.04903870000000002
14	15.866179999999991	68.90199999999999	-0.020945700000000005
11	-9.275	11.923999999999978	-0.096646
8	-38.427	-2.6679999999999495	-0.11869850000000003
2	-9.261800000000008	-17.227000000000004	0.41950999999999994
2	0	0	0
11	0.0073199999999964405	13.244000000000028	-0.0886837
2	-14.542699999999996	-23.826999999999998	0.0676716
2	0	0	0
1457	101.93299999999996	27.69999999999999	0.4825592999999998
1442	-16.019999999999982	2.6639999999999304	0.8308590000000001
1310	143.2322	31.765999999999877	-0.4116023999999997
1331	-584.3050999999991	-230.38	-0.42992239999999937
560	-477.44179999999983	-419.9810000000001	-0.3876407
44	-14.548000000000002	-52.95599999999999	-0.008904200000000001
41	-22.488000000000056	-39.817999999999984	-0.014739700000000001
611	75.45620000000001	123.24899999999994	-0.06554390000000002
8	-5.308899999999994	-23.837000000000018	-0.006545299999999997
641	97.98100000000018	-148.86700000000002	0.028869299999999994
