4769	3258.916000000005	-237.89899999999983	1.1054978
4181	-214.87299999999937	394.5210000000001	-0.40419430000000023
620	1130.333	173.41500000000104	-0.09168619999999991
65	82.59199999999942	-173.77300000000002	-0.08155959999999998
23	297.07900000000006	-132.1649999999999	-0.21478679999999997
3617	-903.7800000000016	1182.985999999999	-0.4552014999999998
62	11.620000000000118	-100.03400000000002	-0.26710389999999995
191	-1153.4499999999996	-1358.4957200000001	-0.4117623999999999
191	0	0	0
191	0	0	0
2	-335.48	-120.69299999999998	0.105544
2	0	0	0
2	0	0	0
2	-147.17999999999984	-94.10799999999995	0.3899592
11	-220.80999999999995	-144.21300000000008	0.002596100000000004
5174	-676.2712000000008	1758.4620000000018	0.4660338999999987
5630	-1598.4425000000026	1043.5244999999995	3.9913152999999806
4559	788.8480000000001	-459.39599999999973	0.5355327
2078	2813.6250000000027	703.3398000000007	-2.8441348000000013
3389	-1276.284	-1220.3979999999995	-0.1826578000000001
2126	1346.439999999998	-490.42300000000034	-0.16792170000000006
1238	-1088.709000000001	-33.6280000000001	-0.3208245000000004
41	-261.82000000000016	-226.4799999999999	0.00325499999999998
68	-341.25	-294.11699999999996	0.018013099999999983
1115	371.3389999999998	354.0534200000005	0.048378199999999906
