1847	-163.98799999999997	-370.15400000000005	0.22856900000000002
1841	-244.344	-387.3269999999999	0.4493537999999999
1106	166.11465999999973	-48.67599999999959	0.6897751000000001
1106	0	0	0
5	3.669799999999995	31.3900000000001	-0.0025270000000000084
1772	118.57699999999994	-177.962	0.23585680000000003
137	-289.86799999999994	244.19000000000028	-0.20942899999999992
119	-910.4792999999997	324.4169999999998	-0.29412279999999996
119	0	0	0
119	0	0	0
119	0	0	0
119	0	0	0
119	0	0	0
119	0	0	0
119	0	0	0
1850	-181.289	-373.23099999999994	0.04012420000000011
1817	-258.2290000000002	-457.313	0.2278571000000002
1850	-24.49449999999998	-233.94600000000003	0.6146069999999999
1502	-32.103999999999985	-669.6369999999995	2.2577885
464	269.2339999999998	-379.58400000000006	0.23008689999999993
86	28.864000000000033	-7.442999999999984	0.017997000000000006
86	0	0	0
86	0	0	0
86	0	0	0
1388	409.7565000000006	-747.4109999999993	0.13333530000000002
