4505	-1562.898000000002	-97.25200000000007	-0.3632748
4496	138.332	5.920999999999935	0.02648800000000001
4499	1180.2059999999992	170.69100000000003	-0.2718279999999999
125	107.33608999999991	650.3129999999996	-0.9190571999999997
551	1604.4192300000013	-320.30599999999595	-0.8916151000000002
4496	194.26999999999975	-23.705999999999904	-0.022998000000000185
128	-1160.1556999999996	-208.97000000000003	0.1385374000000002
665	-8409.836109999997	-1356.8869999999995	0.1412233000000005
665	0	0	0
665	0	0	0
5	32.43423	353.294	-0.013343599999999983
23	-302.9399999999996	-282.57899999999984	0.17108839999999997
23	0	0	0
5	129.45000000000005	241.37	-0.0454901
20	-341.40999999999985	59.00000000000006	0.09902220000000003
4502	144.25266	111.75700000000006	0.06590619999999997
4499	111.90699999999993	-49.81	-0.32115319999999997
4010	791.8510000000003	529.4049999999999	2.9170308999999994
4319	70.41399999999999	155.95200000000028	-5.253354599999997
2555	-1768.2050999999929	574.3535000000015	0.4537602000000004
461	-8184.642599999998	-846.1404999999995	0.11267400000000008
35	-96.99600000000015	529.479	0.03396600000000003
4622	535.1169000000012	-2037.0429999999992	0.2572671999999998
254	-3156.5686999999984	-2237.0899999999992	0.45211029999999996
3599	-1536.755	-847.3570000000007	-0.06672090000000021
