2054	-43.524000000000115	43.750250000000065	0.24852999999999975
1907	-194.81800000000004	157.16399999999996	-0.3670182999999999
1931	85.05069999999999	-36.37809999999999	0.059281099999999864
101	70.08064	-8.44019999999999	-0.10889880000000002
26	9.10600000000008	-140.65011	0.05887279999999992
1679	-179.226	360.80508	-0.07046240000000023
26	72.10700000000003	-22.70599999999999	0.051633999999999985
29	82.51199999999997	-23.35560000000001	0.012733699999999959
29	124.71300000000002	-57.79400000000001	0.1734562
29	85.08000000000004	-52.602000000000004	0.1584082
29	0	0	0
29	0	0	0
29	164.321	-59.10899999999998	0.1245027
29	0	0	0
29	0	0	0
2093	-9.146999999999935	-306.58829999999995	-0.44923480000000027
2024	374.7310000000001	-148.38651999999993	-1.1318451
2021	-455.2688000000003	154.02339999999992	0.7370018000000003
1658	-19.401000000000153	-295.52150000000006	2.245235300000002
365	313.49199999999996	-197.74749999999995	0.08647420000000003
23	46.75999999999999	12.363499999999995	-0.04649249999999999
233	210.47600000000008	-7.919600000000003	0.03536019999999998
2	-0.6420000000000243	0.6500000000000057	-0.0019469999999999973
2	0	0	0
119	-68.77530000000004	-19.144599999999986	0.0898931
