1808	45.974000000000046	-31.352299999999985	0.09413799999999994
1874	-197.59099999999995	61.60900000000001	-0.36568990000000046
2087	-192.59900000000002	33.22299999999984	-0.12717950000000028
395	-357.9133999999999	221.03200000000004	0.004729900000000065
224	-429.42999999999995	377.54400000000004	-0.012362299999999923
1847	146.68600000000012	294.43499999999983	-0.04613169999999997
1553	488.9494999999998	21.68900000000025	0.050950099999999915
44	-315.9869999999999	300.29799999999994	0.3320054999999999
5	-215.228	-154.54700000000003	0.1047771
5	-208.337	-169.23000000000002	0.1501534
8	-76.29510000000002	-41.108000000000004	0.114256
5	-354.07900000000006	11.730999999999995	-0.17873119999999998
5	-239.65499999999997	-134.99599999999995	0.04333550000000001
20	-355.087	-43.08600000000001	0.0017099000000000072
5	-358.01	3.945999999999998	-0.11332940000000001
1742	-0.9110000000000298	-63.64390000000003	-0.5383123999999992
1685	-384.4119999999999	267.04610000000037	-1.395105499999997
1814	47.01399999999995	8.782999999999987	-0.46296539999999964
1664	-27.35600000000005	30.254200000000026	0.14957250000000005
1565	-5.7649999999999295	78.99120000000003	0.06826209999999999
203	-10.792000000000172	-6.238099999999989	-0.013490600000000012
167	-327.6929999999999	-40.10730000000004	-0.14061160000000006
167	0	0	0
167	0	0	0
347	-307.1320000000002	7.827299999999951	-0.0321171
