7298	13.730999999997039	1297.920000000002	-1.0385271999999997
4628	-85.12900000000184	391.12600000000043	0.4935922999999999
4667	697.7159999999999	1436.4069999999995	0.8672555000000005
371	-968.7990000000001	-132.36600000000112	0.7097839999999995
704	-105.46100000000172	2331.8340000000003	-1.2822935000000002
6113	2699.3359999999952	2885.1320000000032	2.9722138999999985
563	-4391.336	-2301.9739999999993	0.2001219000000002
548	4830.705999999998	859.6059999999995	0.01615250000000079
1043	-47.207000000000164	65.09400000000034	0.3703587000000003
1631	-67.21099999999979	204.95199999999983	0.06492570000000046
1910	-52.546000000000106	47.18899999999957	-0.15617070000000016
101	-16.97399999999999	6.205999999999904	0.02349789999999998
2594	0.05099999999964666	197.71099999999996	0.03426469999999987
2447	1009.6879999999992	280.94500000000073	1.2544776999999987
371	903.2269999999999	29.039999999999736	0.6363357999999999
4541	-885.792	-109.04899999999981	-0.14670719999999984
7427	3297.0489999999927	-802.1880000000007	-2.4664794000000025
5402	2043.2430000000027	130.93299999999988	-0.8175425000000022
5663	-3893.6999999999894	91.18600000000163	3.912933000000003
146	-205.58599999999979	259.3810000000002	-0.010868300000000004
17	20.36700000000002	144.37899999999996	-0.2983275
425	2348.3199999999997	-423.98700000000014	0.11038100000000002
2	2.896000000000072	17.59999999999991	-0.021967
2	0	0	0
3167	-3979.880000000002	683.048000000001	-0.13071319999999995
