4286	25.423999999999978	-31.457000000000022	0.0007840000000000069
4286	-3.9420000000000073	-37.273000000000025	0.08692
5777	-19.579299999999748	37.15900000000056	0.13636290000000006
5777	0	0	0
5777	0	0	0
4286	-43.066999999999894	-35.27999999999997	0.07239700000000002
4286	0	0	0
4286	0	0	0
4286	0	0	0
4286	0	0	0
4286	0	0	0
4286	0	0	0
4286	0	0	0
4286	0	0	0
4286	0	0	0
4286	29.400999999999954	-35.245000000000005	0.024344000000000032
4286	15.648000000000025	-17.691000000000003	0.014790999999999999
4265	91.99099999999999	9.812999999999988	-0.04358699999999993
4286	0.0	-15.70999999999998	-0.044646000000000075
3506	-93.50099999999969	94.07900000000006	-0.09053510000000003
3506	0	0	0
3599	-429.969	18.1580000000003	0.07633779999999998
3953	25.516000000000133	-168.46699999999987	-0.013007400000000016
3953	0	0	0
4172	-133.84799999999996	28.922999999999945	-0.009494899999999973
