10499	-590.1089999999999	1068.7889999999995	-0.6922304000000039
365	-195.957	-315.4509999999996	0.12502800000000003
134	99.86799999999994	135.279	-0.002413300000000035
8	-29.329999999999927	-60.63200000000006	-0.11688169999999999
65	861.8129999999996	258.70199999999994	-0.1035086
1973	23.799000000000774	41.28100000000026	0.30181769999999997
86	15.585999999999785	-68.65800000000002	-0.014590400000000038
128	276.0740000000003	162.62600000000003	0.28157150000000003
128	0	0	0
128	0	0	0
128	0	0	0
128	0	0	0
128	0	0	0
128	0	0	0
128	0	0	0
12305	533.282999999999	198.99459999999962	3.714857899999995
8714	-578.8009999999999	152.61167999999716	1.2918338999999963
2924	-351.52000000000004	-186.16169999999858	-0.09216600000000033
1643	-23.511999999998807	-164.4900999999997	1.4337994999999992
1532	-707.8550000000012	-1662.5879999999997	0.01998319999999998
368	-403.91600000000017	-1782.9671000000014	-0.1573315
41	489.6130000000002	832.5906	0.015058900000000007
8	-5.824999999999932	-3.9360000000000355	0.00015199999999998548
2	-3.9429999999999836	-2.0090000000000146	-0.071723
2375	-1104.125999999999	-780.5384000000023	0.14250749999999998
