1337	-17.204999999999984	-116.70399999999998	-0.38431050000000033
1241	-53.01500000000004	-1.3249999999999318	-0.02483339999999995
11	-11.284389999999998	43.71999999999997	-0.12080500000000001
11	0	0	0
11	0	0	0
56	-55.64900000000006	-14.543999999999983	-0.10124419999999996
56	0	0	0
56	0	0	0
56	0	0	0
56	0	0	0
56	0	0	0
56	0	0	0
56	0	0	0
56	0	0	0
56	0	0	0
1337	-43.682	18.523000000000025	-0.7349740000000001
1364	-16.031000000000034	-7.8559999999999945	0.5336479999999997
1301	38.32880000000004	-139.07800000000003	-0.6694022999999998
1334	-15.904999999999973	-25.15399999999994	-0.39731730000000004
785	-119.71600000000004	26.92099999999982	0.08145330000000009
2	3.9809999999999945	2.7239999999999895	-0.0005531000000000008
110	-15.74199999999999	-16.11199999999991	0.005795399999999985
110	0	0	0
110	0	0	0
167	7.7530000000000285	10.08299999999997	0.024143799999999986
