566	-44.398000000000025	-10.441000000000003	0.012693999999999983
566	-1.3010000000000446	-9.127999999999986	0.10358799999999999
566	7.84099999999998	-10.442999999999984	0.086732
566	0	0	0
566	0	0	0
566	11.737999999999943	5.215000000000032	0.019095
566	0	0	0
566	0	0	0
566	0	0	0
566	0	0	0
566	0	0	0
566	0	0	0
566	0	0	0
566	0	0	0
566	0	0	0
566	-24.749000000000024	-19.521000000000015	0.11897400000000002
566	-18.285000000000025	-13.051999999999992	-0.003483000000000014
566	23.484999999999957	13.046999999999997	-0.01439900000000005
566	2.5830000000000837	-3.9279999999999973	0.293284
272	125.06899999999996	12.101000000000028	0.07698050000000004
5	-0.012999999999976808	-0.09000000000000341	-0.0142923
191	35.194999999999936	10.389000000000067	-0.0008528000000000077
134	-9.101000000000113	15.644999999999982	0.0026407000000000166
134	0	0	0
152	-65.1880000000001	-31.53800000000004	0.013193600000000007
