4637	-27.527000000000044	36.98300000000012	-0.1769031000000003
4868	35.11500000000035	-96.12199999999984	0.39068099999999983
5708	814.8229999999992	238.9010000000008	-1.2920293000000012
38	-395.54689999999994	-54.87200000000024	0.20773520000000006
152	303.3936	-858.1429999999997	0.45044779999999995
5567	113.58999999999969	-532.7660000000009	-0.0030134000000005823
26	908.9650000000001	119.457	-0.12071639999999995
122	-589.6049999999997	-368.0869999999999	0.6735003999999998
122	0	0	0
122	0	0	0
122	0	0	0
122	0	0	0
122	0	0	0
122	0	0	0
122	0	0	0
4538	-542.7279999999997	-203.71900000000005	0.5198117000000001
4637	-133.152	-127.24399999999997	0.3932148999999999
4322	-233.26599999999996	-5.678000000000054	1.8759534999999996
4544	11.879999999999939	-41.073999999999955	0.05258259999999998
1151	-7.542999999999552	258.9050000000003	0.11182090000000006
1151	0	0	0
5	5.909999999999968	7.98599999999999	-0.006434599999999999
1205	-50.963999999999146	-148.82300000000134	0.013206399999999958
1205	0	0	0
3896	-145.83300000000025	75.96699999999984	0.2360982000000001
