5090	952.3339999999986	7.792499999999791	-0.11895849999999947
4691	1703.18291	864.0835999999999	-1.2909556999999998
5072	3552.7599500000097	-1112.9195999999965	0.30313059999999975
791	68.09499999999957	1755.6319799999999	-0.821421
1109	3399.408299999999	-123.47884999999921	1.2544461999999992
4820	1102.0488499999988	2823.3362000000016	-3.167576100000001
872	788.9936000000015	-755.0829399999991	-0.3051305999999993
1049	2478.724199999999	-314.6787	0.5735441000000009
491	1311.458270000001	-302.62261	-0.16012609999999966
422	961.7546999999996	-1122.923989999999	-0.3551291000000007
317	545.9408099999991	126.44650999999992	-2.5942292
335	1122.4966599999998	697.2932999999999	-0.35613669999999986
521	284.21919999999943	-1034.5993799999994	0.0271108000000006
338	2673.9600000000014	-380.03371000000016	0.1572876000000007
323	3498.122129999999	-186.26609999999985	-1.2876392
4997	-46.662699999998836	-74.24009999999993	-0.1327043000000008
4841	891.3260000000005	231.35070000000013	-1.0930098999999989
4814	726.7797099999987	300.8612200000002	-0.11333860000000001
4652	-912.8110000000003	-460.5004000000002	0.5533389999999982
1304	323.8252999999993	129.1123000000007	-3.401269300000002
362	-1075.4949	-323.0125000000001	-1.666324200000001
413	2229.540999999999	-1154.4834999999985	-1.6925870999999997
524	604.8846800000002	515.2956000000001	-1.9247927000000007
317	1216.7230900000006	370.1111000000001	-0.7601553000000001
3746	436.07269999999926	-324.24190000000056	-0.6809503000000013
