4490	1012.4699999999991	-255.95299999999997	-0.14565110000000014
4487	-256.2019999999999	-26.56699999999995	-0.4514021000000003
4499	32.423	-64.57899999999995	-0.2724057999999994
3872	69.78300000000127	276.44299999999953	1.187235200000001
3092	-128.695999999999	-733.5950000000001	-0.30654459999999817
4502	-515.101	-161.92200000000008	-0.32549469999999997
4016	-2934.4524999999994	-1444.9339999999997	-0.3773942999999994
2597	-3949.982000000001	-55.8599999999995	0.6658961000000005
2597	0	0	0
2597	0	0	0
26	-682.895	14.593000000000018	0.011940600000000003
26	0	0	0
26	0	0	0
26	144.26999999999975	-35.36099999999999	0.04293559999999999
26	0	0	0
4637	782.6110000000002	-415.66300000000007	0.6582339000000005
4511	1027.0510000000004	-167.67700000000008	-0.13049810000000017
1664	-956.4890000000003	270.05399999999975	-2.4912075
4493	973.961	26.49599999999998	-0.1348959999999999
491	-1204.510000000002	373.18699999999995	0.018860699999999918
20	173.3019999999999	-23.644000000000233	-0.0326808
20	0	0	0
734	1103.720999999999	748.0909999999999	-0.1002930999999998
11	29.333000000000027	-29.456999999999994	-0.0743524
4310	-222.75800000000027	7.095000000000084	0.010010000000000012
