3989	-39.0599999999999	377.06259999999907	2.569355099999996
1370	775.1687000000005	1577.9698999999978	0.0443079999999998
806	-636.2707	610.708	0.051072800000000085
35	92.555	-142.30900000000003	0.12520499999999998
26	-1.2763000000000204	-36.615000000000066	0.32706910000000006
2216	-37.81934000000007	716.2489999999989	-0.06963249999999982
56	-135.75650000000013	100.45200000000008	0.33628610000000014
11	27.37900000000002	-133.10300000000007	-0.008967999999999997
2	-6.533999999999992	14.350999999999999	-0.0162637
2	53.51799999999997	9.125999999999976	-0.0188985
2	0	0	0
2	0	0	0
2	-74.38399999999999	23.474999999999966	-0.017454100000000007
2	-88.75500000000005	20.871999999999986	0.22427310000000003
2	-100.457	-3.919000000000011	0.21891750000000001
4007	-951.1722000000002	-442.64810000000057	1.3719462000000007
3899	359.09509999999943	144.75399999999982	2.3263608000000024
2987	-1737.0383000000013	331.3696999999993	1.2429595999999976
3653	927.8862000000018	519.5725999999992	-0.44099269999999957
242	76.84210000000004	174.94799999999992	0.2863363000000002
44	-285.88400000000007	-164.49200000000002	-0.020021999999999998
542	557.2880000000002	-12.146999999999906	0.2168755
2	5.172299999999993	-1.2939999999999827	-0.01787799999999999
2	3.939799999999991	-0.08999999999997499	-0.013249999999999998
59	-0.04700000000008231	-52.32400000000007	-0.0032180999999999946
