1772	52.81999999999999	65.54299999999998	0.0034119999999998596
617	-581.0409999999999	-65.65899999999976	-0.011134699999999983
101	245.56700000000006	112.51100000000008	-0.0604373
101	0	0	0
101	0	0	0
347	183.88500000000005	-475.33799999999957	0.023667399999999887
347	0	0	0
32	14.682000000000016	-12.66700000000003	-0.04358470000000003
32	0	0	0
32	0	0	0
32	0	0	0
32	0	0	0
32	0	0	0
32	0	0	0
32	0	0	0
1778	45.982999999999976	94.85999999999999	-0.11110200000000009
1772	24.350000000000023	-24.44800000000002	-0.14857299999999996
1604	-162.25100000000012	-5.766000000000005	0.6524926999999996
1769	-202.43399999999997	-18.649	0.7179136000000004
1403	47.0329999999999	-58.76600000000005	0.08671430000000001
62	-15.67100000000005	-5.93100000000004	-0.021415199999999995
1502	17.46499999999969	-42.05800000000002	-0.00015470000000001455
1502	0	0	0
1502	0	0	0
1010	40.489999999999895	-48.41299999999998	-3.8799999999963863e-05
