4496	1.2799999999999727	13.096000000000032	-0.028673999999999977
4496	5.182000000000016	32.68299999999999	-0.007117999999999958
4496	-9.14100000000002	44.37299999999999	-0.12815500000000002
65	61.29999999999998	-52.15999999999991	0.4458613
737	-2029.6039999999996	-25.938000000000272	-1.7030074
4499	15.668000000000006	23.496999999999957	-0.014879400000000015
191	795.47904	84.88800000000012	0.28370479999999965
419	317.04010000000005	-151.611	-0.08381140000000037
419	0	0	0
419	0	0	0
419	0	0	0
419	0	0	0
419	0	0	0
419	0	0	0
419	0	0	0
4496	3.894999999999982	14.307999999999993	0.06473099999999998
4499	-23.394999999999982	-66.576	-0.8151966999999998
4421	-1.3570000000000277	2.721000000000032	1.4651353999999994
4346	11.868000000000507	40.62100000000004	-0.7377403000000011
875	-42.59199999999987	-132.67499999999987	0.039965199999999944
2	-26.134000000000015	-30.021000000000015	0.028740000000000016
5	10.476999999999975	6.579999999999984	0.006856099999999997
3875	-10.505999999999915	58.67000000000007	0.00918880000000001
2	-23.551999999999992	-28.721000000000004	0.0364485
3704	47.692000000000064	45.25299999999993	0.08459710000000004
