4817	-307.38300000000004	-81.90599999999984	0.22802000000000044
4499	7.835000000000036	-23.517999999999972	-0.25198800000000005
5513	-276.1829999999999	-7.858000000000118	-0.2672470000000004
2255	-129.15100000000012	1884.9609999999989	1.0614146999999996
209	-17.684999999999548	26.954999999999927	0.6287657999999997
4499	1.9300000000000637	-52.911	0.03580899999999995
374	23.668999999999983	-72.48799999999994	0.8849973999999997
230	-3.9560000000000173	-154.56799999999959	-0.03737479999999997
230	0	0	0
230	0	0	0
290	19.743000000000393	0.12400000000002365	0.42451810000000006
290	0	0	0
290	0	0	0
230	-1.7329999999998904	13.878999999999962	0.22611750000000003
5	5.906000000000063	-7.815000000000026	-0.043243000000000004
4709	-667.808	-107.53899999999999	2.4099303000000023
4568	-274.20100000000014	-19.724999999999966	1.2286569999999988
4487	-95.93299999999999	3.967999999999961	-0.07772800000000013
4241	-17.039999999999964	164.62700000000012	1.6745289
2114	344.91099999999915	-276.43999999999994	-0.030707500000000006
26	-19.501999999999953	-17.659999999999997	0.026898
431	773.8999999999997	-223.58900000000008	-0.004141799999999959
3452	100.09899999999993	-317.474	0.013196500000000007
11	-3.8159999999999172	-9.781999999999996	0.007921999999999998
2057	62.331999999999766	-158.61600000000004	0.0046650000000000025
