4553	325.35200000000003	-78.36999999999986	-0.3967481
4523	-11.762000000000057	-113.61000000000001	-0.010901100000000108
4646	-421.37700000000035	-415.3330000000002	-0.002472499999999933
1196	476.0029999999993	225.2360000000001	-0.32477110000000037
605	-105.46400000000034	509.53099999999995	-1.0719823999999993
4529	-25.387999999999977	-139.00400000000008	-0.0416647
2885	654.2530000000003	42.96700000000021	0.15686299999999975
875	168.34899999999857	162.32600000000036	3.6323794000000005
2	5.876999999999953	-0.004000000000019099	-0.0015879999999999922
2	15.657999999999902	0.0019999999999527063	0.008553900000000003
2	0	0	0
2	0	0	0
2	21.549999999999955	-0.013000000000033651	0.023914999999999992
2	0	0	0
2	0	0	0
4529	-141.32399999999984	88.08700000000002	0.13646259999999993
4775	113.58000000000015	559.8460000000002	0.22314930000000036
4547	-76.06100000000004	-205.57000000000005	0.13614490000000007
5534	474.2360000000002	-722.6109999999983	-3.518436800000001
179	329.8940000000001	-113.65699999999984	0.007504900000000016
179	0	0	0
179	0	0	0
179	0	0	0
179	0	0	0
3167	54.5960000000008	352.5653000000003	-0.12423090000000002
