4496	-31.26699999999994	35.28400000000002	-0.04022700000000001
4496	-5.927999999999997	19.59400000000005	0.043096999999999996
4496	-13.736000000000047	31.387	-0.060861
17	25.551000000000045	-0.020999999999844476	-0.014787999999999996
2	58.750999999999976	39.182000000000016	0.011024799999999994
4496	-9.78699999999992	-15.655999999999949	0.10143400000000008
8	-27.437999999999874	0.003000000000156433	0.022213699999999996
11	246.894	27.447000000000003	0.02224499999999996
11	0	0	0
11	0	0	0
11	0	0	0
11	0	0	0
11	0	0	0
11	0	0	0
11	0	0	0
4496	-39.13300000000004	33.26999999999998	-0.029189999999999938
4496	-31.331999999999994	33.232	-0.04537000000000002
4328	-19.427000000000078	80.55299999999994	2.1371295000000035
4496	-19.601	29.328000000000003	0.056128999999999984
293	-165.38700000000028	3.176000000000016	0.055422000000000006
293	0	0	0
293	0	0	0
3869	5.806999999999789	1.9459999999999695	-0.022241199999999982
3869	0	0	0
4418	-130.97700000000003	30.81000000000003	0.061106900000000006
