3518	-318.4372999999995	105.88299999999998	1.4747742999999982
2609	101.89580000000029	485.91500000000076	-1.1114699000000006
836	-93.16307000000042	-54.996000000000606	-0.3616463999999999
134	224.06490000000008	-51.15700000000007	-0.3520293
338	143.28619999999998	-468.6123	-0.3149140999999999
1592	-37.40170999999995	-1081.8653000000018	0.8969703000000011
272	612.21397	419.364	-0.881503
641	-341.0104999999996	-1432.0958	2.3048610000000003
65	135.274	-9.998999999999995	-0.5296356999999998
65	116.02700000000002	-9.809999999999945	-0.47808800000000007
56	-37.218999999999994	-143.021	-0.33814379999999994
53	62.59099999999998	-125.22100000000009	0.01583049999999997
68	141.24499999999995	-13.607000000000056	-0.3827408000000001
56	48.78099999999998	-151.12600000000003	-0.5777005999999998
53	21.467950000000002	-84.48529999999995	-0.22611349999999997
3452	-1076.0491999999992	525.2339999999988	-2.1944502999999984
3488	-390.9153300000002	-186.0262	-0.4109209000000006
1904	93.65299999999988	397.7090000000004	-3.746794399999997
2606	-166.53709999999992	-80.6256000000001	-1.8213310000000003
2135	-32.50300000000027	650.1739999999998	-0.1853186999999999
707	-196.71740000000008	-189.94299999999984	-0.4017061000000001
506	-104.61129999999991	-676.02	-0.010246699999999838
38	-37.438999999999936	-17.510999999999996	0.13639949999999998
38	-41.18099999999998	-13.686999999999983	0.12507270000000004
539	153.81518999999992	125.80499999999981	-0.016347500000000008
