8396	3709.186570000005	529.2278000000013	-4.760677200000005
8024	-695.5557699999988	-750.2857999999952	-0.6366840999999999
7139	3261.829259999999	-68.82200000000131	-0.7092900000000015
1400	967.7166900000004	2740.360099999999	-0.5079995000000002
1319	-878.5739599999987	-19.37756000000047	0.6533994000000007
8447	808.3593400000005	-2730.9953999999966	-0.6059729000000003
1718	2884.0698600000005	203.44154000000077	-1.2514852000000012
2207	3291.753529999998	2307.1789500000023	-3.2480601
1214	467.47800000000007	460.14573999999976	1.537432699999998
1214	450.25800000000015	444.28116000000006	1.4904804000000018
914	177.5007000000002	-21.417800000000085	-0.6569296999999998
776	1277.8301299999998	370.4297999999995	-0.7084925
1196	579.9460000000004	336.44974	1.2199825999999991
881	1009.1344900000004	258.26850000000036	0.4672561000000003
776	1045.0266799999993	367.5827999999997	-0.5757018999999999
7769	-1190.0684999999992	-157.99041999999955	3.4696449999999937
7838	-1034.5093000000104	366.96523999999926	-3.9712150999999998
7043	1222.8015799999969	754.8841899999977	-1.7301990000000012
5378	6353.701280000007	2166.5416900000027	-1.7667097999999983
1916	-63.710920000000385	284.68730000000016	0.44732329999999937
1061	949.536990000001	-135.14330000000007	0.5446064999999999
1001	506.0370400000003	-203.18649999999997	-0.13031110000000007
641	-477.0324699999998	45.029800000000115	-0.13784740000000006
623	102.73999999999991	-53.60190000000014	-0.1263473
1268	1587.315520000001	738.718220000001	-1.0569271
