4655	144.7904999999999	-259.9659999999998	-0.45385370000000025
4220	-53.58710000000003	-72.43199999999999	0.3652983999999995
2	1.9754999999999967	-0.9849999999999568	-0.0009183999999999998
47	0.03209999999997848	3.9460000000000264	-0.41347009999999995
134	78.22810000000004	102.023	-0.49514719999999995
4742	-606.9040000000005	-353.0440000000003	1.0212101000000002
83	53.113550000000025	31.75399999999999	-0.12542110000000012
2432	-360.6846999999999	440.80310000000037	0.6000414000000004
2432	0	0	0
2432	0	0	0
2432	0	0	0
2432	0	0	0
2432	0	0	0
2432	0	0	0
2432	0	0	0
4634	-61.610400000000084	-124.06200000000001	-0.5586325999999999
4589	225.2008999999998	252.12199999999999	-1.2796933000000021
4430	-18.504239999999978	-158.69400000000007	-0.4838311999999999
2834	-297.5019999999997	-180.33950000000004	-0.5730052999999996
2009	135.88454000000007	123.76399999999984	0.04555340000000015
47	-12.92599999999996	-15.161000000000001	0.053452599999999996
815	84.52370000000003	-115.36499999999992	-0.10398510000000002
2	-4.961500000000001	2.9909999999999854	0.0009226000000000026
2	0	0	0
1349	-46.79883999999991	-283.37600000000043	-0.1645862999999999
