4502	8.891000000000076	70.62599999999998	-0.14828649999999993
4502	0.07299999999997908	32.294000000000096	-0.08943400000000001
4517	114.798	50.03999999999962	-0.014735500000000179
32	-264.817	120.84599999999989	0.009474199999999967
38	-776.7450000000003	-200.4000000000002	0.7651784
4847	1676.3247200000008	-1103.903999999999	-1.0648012999999996
98	-53.154980000000705	70.82600000000002	0.157709
32	-2469.3879999999995	356.13599999999997	0.2191499
32	0	0	0
32	0	0	0
11	-14.772550000000024	38.462999999999965	0.07095500000000002
11	0	0	0
11	0	0	0
14	-17.821579999999983	38.16399999999999	0.1623
14	0	0	0
4502	-17.799000000000035	29.665999999999997	-0.038364600000000026
4502	0.117999999999995	38.42599999999999	-0.07678620000000003
4484	-44.18299999999991	23.573999999999955	-0.24139240000000034
4481	32.503999999999905	47.082999999999856	-0.20798190000000033
1613	-166.1610000000004	242.75999999999976	-0.22789769999999993
1613	0	0	0
383	585.2190000000005	144.62400000000014	-0.025893500000000014
3881	691.4529999999999	-97.62900000000002	-0.006009299999999988
3881	0	0	0
4187	765.8090000000004	258.1529999999999	0.2653960000000004
