4523	35.669999999999845	482.424	-0.2652080000000003
4673	329.72999999999945	-11.722000000000435	-0.4643230999999997
4598	32.289000000000215	217.8059999999998	-0.1240641
20	20.743000000000052	-326.70199999999994	0.5770698000000001
26	-214.89600000000007	-379.68199999999985	0.3327824
4577	-108.86999999999966	126.50199999999995	0.052255399999999966
4577	0	0	0
2	5.920000000000073	11.799999999999955	0.001934000000000019
2	0	0	0
2	0	0	0
2	0	0	0
353	89.28300000000081	71.34699999999975	0.3273976000000002
353	0	0	0
353	0	0	0
746	141.83599999999888	188.76499999999982	0.2767373000000003
4550	155.83399999999972	214.62599999999986	-1.4110530999999988
4745	443.96000000000004	291.41999999999945	-0.5227777
3905	84.84399999999994	444.5069999999997	-0.5976562999999984
3647	-329.9800000000005	708.7389999999997	3.8949717000000033
1718	-1074.0780000000002	152.45900000000057	0.15533409999999984
902	185.71999999999957	-832.7729999999999	0.12746850000000004
2474	-697.5630000000002	-335.55699999999973	0.20760240000000063
764	386.33500000000026	29.488000000000454	0.0018435000000000881
974	-889.6629999999983	69.36900000000009	0.0930849
2501	-5182.980000000005	-880.0919999999999	-0.6436103000000001
