4499	-54.77199999999999	-26.417999999999978	-0.3876488
4496	-36.188000000000045	-2.9289999999999736	-0.058484000000000064
4493	-18.603999999999985	-8.798000000000059	0.10659679999999996
104	70.43280000000007	3.853000000000037	-0.16131059999999997
1184	-384.597	-17.764000000000138	0.06525989999999987
4505	-66.50900000000007	16.625999999999976	-0.0010209999999999664
2	41.037000000000035	40.085999999999956	-0.004033600000000012
65	94.86999999999998	-66.52899999999993	0.0983198
2	-46.94300000000004	-2.9369999999999834	0.06035979999999999
2	-68.46600000000001	-3.917999999999978	-0.0014696999999999974
2	0	0	0
2	0	0	0
2	-39.14599999999996	-3.901999999999987	0.0614846
2	-9.778999999999996	10.738	0.08035800000000004
2	0	0	0
4496	-31.293000000000006	-17.609999999999985	-0.06918499999999994
4496	-32.252999999999986	-18.573999999999998	-0.096271
4349	-32.307000000000016	-81.19700000000002	0.2180456999999998
4415	12.723000000000013	-75.30499999999999	-0.9037853
3023	-46.81800000000001	107.70200000000003	-0.12471999999999997
5	9.81499999999997	34.271000000000015	-0.019044900000000003
161	-172.23999999999995	-27.39200000000001	0.048071999999999955
4112	-215.18600000000012	113.43599999999986	0.026967100000000015
4112	0	0	0
1586	-35.332999999999856	46.35789999999993	-0.006152199999999976
