4496	-74.50999999999999	31.328000000000003	-0.02378699999999967
4529	-11.819999999999936	17.663999999999987	-0.03553830000000008
4484	-50.922999999999945	82.27800000000002	-0.05603469999999994
176	523.1519999999998	-437.0079999999997	0.35949029999999993
65	374.2900000000001	-442.5601999999997	0.4570829999999999
4616	-256.66499999999996	-113.6470000000001	0.025667799999999935
2423	45.11299999999983	658.3389999999998	-1.0930615000000012
53	-303.68600000000004	-758.2659999999998	0.24518249999999991
53	0	0	0
53	0	0	0
53	0	0	0
53	0	0	0
53	0	0	0
53	0	0	0
53	0	0	0
4499	-68.56	39.071	0.0975324000000001
4499	-5.856999999999971	-56.698999999999984	0.6629729999999999
4463	-387.84800000000007	-152.91700000000012	0.42111420000000027
4271	327.12700000000007	62.51299999999995	0.681975
674	139.53100000000086	-95.08000000000006	0.22544490000000003
674	0	0	0
674	0	0	0
4211	-70.52599999999984	43.082000000000164	-0.013528999999999992
4211	0	0	0
1064	366.4480000000001	-122.67369999999995	-0.024609199999999984
