4319	950.1679999999985	356.26200000000017	-1.7982348999999944
3575	1014.9390000000001	-362.46799999999956	-0.0906789
3179	570.2360000000003	897.2350000000012	-0.19850149999999978
29	-31.328999999999894	-92.05100000000004	-0.0641134
209	-141.03800000000012	1106.7325999999998	0.23887199999999983
3380	-626.6359999999988	1655.2380000000005	-0.26517550000000023
71	66.58799999999991	-227.24200000000002	0.29323109999999997
170	-221.26099999999985	221.2376	0.26038079999999997
170	0	0	0
170	0	0	0
170	0	0	0
170	0	0	0
170	0	0	0
170	0	0	0
170	0	0	0
4319	-352.2089999999997	125.05999999999943	-4.0080170999999964
4232	-309.0299999999995	729.3705999999996	-1.374297099999997
3911	-761.9899999999998	-544.5857999999998	0.08577829999999992
3722	466.26400000000035	-1116.5189999999989	0.2479593000000004
1460	-391.15699999999964	-1650.406	0.0759275999999999
134	-219.8189999999999	13.74119999999995	-0.03716700000000001
1304	-577.605	-918.0026999999993	-0.056953599999999965
1304	0	0	0
1304	0	0	0
218	-132.68199999999968	206.74720000000002	-0.009393599999999995
