3503	-13.098999999999819	56.17799999999994	0.6617437
3302	-154.03600000000006	156.68700000000007	0.0654259
3215	274.02780000000007	-124.04000000000005	0.22653500000000015
3215	0	0	0
2	-20.903999999999996	10.452000000000055	-0.021083399999999988
1409	-198.46400000000006	-614.6779999999997	-0.034702099999999535
1409	0	0	0
2	-20.873999999999967	10.434000000000026	-0.1341875
2	0	0	0
2	0	0	0
2	0	0	0
2	0	0	0
2	0	0	0
2	0	0	0
2	0	0	0
3473	12.946000000000112	-1.337000000000046	0.6957806
3446	15.721000000000032	30.069999999999936	-0.06565690000000007
3386	-194.49699999999999	-65.22100000000006	0.20503900000000003
2969	-83.43099999999993	-26.138999999999896	-1.2082373
3062	-70.4699999999998	-123.30000000000013	-0.3501534000000003
626	-193.19900000000013	-128.16500000000002	0.0609932
395	-59.89899999999977	11.88300000000001	-0.038351800000000005
395	0	0	0
395	0	0	0
2360	-212.0110000000001	14.918999999999869	-0.03742300000000002
