4505	-410.7432	338.55899999999997	-0.039362000000000036
4508	-513.5082899999999	164.88800000000015	0.005950600000000084
4625	25.04208000000034	353.34199999999976	-0.8817116000000013
3812	-2100.1305100000013	1583.8039999999994	1.525526699999999
5129	-772.8231599999982	726.460000000004	0.9558695000000015
4601	-32.35913000000107	579.998	-0.21382330000000027
641	-3453.691990000002	561.1539	-0.6041650000000002
4163	5771.534000000005	1241.713000000008	2.249805300000004
2	-38.24000000000001	29.462999999999965	-0.041364999999999985
2	-29.420000000000073	-5.8799999999999955	-0.05743099999999998
2	0	0	0
8	-14.75	0.10900000000003729	-0.01397460000000001
2	-32.429999999999836	64.71199999999999	-0.032623999999999986
2	0	0	0
11	-11.701000000000079	20.747000000000014	-0.009161800000000005
4496	49.926000000000045	-26.452999999999975	-0.013615999999999961
4508	-439.80770000000007	382.7820000000001	0.13032720000000003
4451	120.47039999999993	-352.95599999999996	0.9706601000000019
4493	-23.58900000000017	23.498999999999967	0.046656100000000034
1424	-688.4200000000003	176.3649999999999	-0.008108299999999943
41	111.75600000000009	5.849999999999909	0.06549729999999998
62	397.1540000000001	-71.09999999999991	-0.005719199999999994
1724	-677.0479999999993	-59.53400000000079	0.2737615
62	111.31999999999971	152.8760000000001	0.27093180000000006
1283	156.14200000000005	-93.12700000000018	-0.0102804000000001
