4901	5824.799200000019	-704.1289999999985	0.8673316000000002
4883	1993.8708999999908	-1714.5481899999982	0.645006000000002
4898	-2301.897049999995	-2073.4166300000015	0.7479366000000036
1964	488.0942000000039	-1697.7160000000008	1.929258599999998
1898	-450.17799999999767	-4597.8546	1.4160436999999986
4946	2616.5433199999948	-1316.1180000000004	-0.8433344999999999
1313	-912.4474999999968	-1073.5983900000003	2.266317799999998
1523	-11118.641600000003	-4058.504710000001	-1.0990316000000004
617	-1123.5597	-750.9708000000002	1.617011900000001
611	-1568.7897999999996	-1823.0313600000022	1.174221999999999
314	-614.7959999999998	-1150.8639999999996	2.5725238
182	-344.1540000000002	-1063.304	1.8763557
626	-1833.3545000000001	-1356.9326	1.0613233000000006
320	-1312.862	-1101.2369999999992	3.2499721
167	906.4869999999999	-615.446	0.6694679999999998
4748	894.0532000000034	-2325.0623000000014	0.6377782000000002
4754	2054.7026999999944	-1707.422499999999	0.18761969999999978
3914	-3167.1219999999958	474.2048200000023	2.037486599999999
4616	-624.3277599999988	-925.51322	1.9630038000000005
974	-2040.2300000000005	-422.5249999999993	0.5794102000000004
182	-132.33499999999952	-612.5479999999995	0.1266119000000001
287	420.71000000000004	-1628.7655000000007	0.2734038999999999
3728	-2324.744999999997	-1268.7539999999995	0.23838699999999974
191	1375.0188000000003	-1009.7170000000003	1.0444808999999995
3158	837.6390000000007	-797.5070000000014	0.12499670000000003
