4532	-649.4290100000004	306.097	-0.4101362000000003
4496	-64.75999999999999	47.041000000000054	0.15112399999999998
4502	-144.16400000000016	100.07499999999993	0.07780180000000006
503	-1865.407299999999	-84.96099999999933	0.26321480000000036
128	-323.5051999999997	-5.168000000000006	0.07526510000000002
4544	962.3320000000003	38.326999999999884	0.4268213000000003
17	-362.04299999999984	-58.99800000000016	0.016931100000000004
59	-238.37950000000023	467.82899999999995	-0.1048912
59	0	0	0
59	0	0	0
59	0	0	0
59	0	0	0
59	0	0	0
59	0	0	0
59	0	0	0
4535	305.9530000000001	123.12499999999994	0.2447779
4538	625.1948999999998	288.2569999999998	0.9187464
4193	117.99200000000008	44.138000000000034	0.48995130000000087
3974	350.4420000000001	62.610000000000014	0.7626486000000009
1781	167.73099999999988	225.5390000000001	0.32199399999999995
56	29.575999999999738	-23.756000000000085	-0.028727999999999997
80	-470.7934	52.321000000000254	0.056762700000000006
1685	106.09600000000012	-232.63199999999972	0.037373400000000036
17	-29.54000000000019	-32.184999999999945	-0.007538700000000002
2285	1080.3610000000017	-255.0730000000001	-0.08235660000000006
