3593	-194.61000000000016	155.62399999999994	0.7521169999999998
3590	47.948000000000036	49.90899999999996	0.5602825000000009
5741	-99.7459999999997	59.722999999999814	0.6982619000000012
5741	0	0	0
8	-25.42700000000002	-12.733000000000004	0.09431700000000001
4112	31.325000000000273	23.592000000000354	0.2134729
110	-100.82399999999984	39.155	-0.11351360000000003
65	-46.99499999999995	46.92599999999999	-0.04348760000000001
2	-25.450000000000045	18.585000000000036	0.029014999999999985
2	-50.870000000000005	10.77000000000001	0.007196999999999995
2	0	0	0
2	0	0	0
2	-83.15000000000003	13.701000000000022	-0.048010899999999995
2	0	0	0
2	0	0	0
3497	1.9519999999999982	54.71359999999997	0.024110899999999824
3581	-3.9400000000000546	63.56299999999999	1.8647862999999956
3509	106.62400000000002	38.14499999999998	0.9108012999999994
3488	217.18599999999992	111.58400000000006	-0.0001268999999999576
2252	-4.9839999999995825	51.938999999999936	-0.19299199999999972
389	-0.9009999999998968	-0.8330000000001121	-0.03880310000000003
308	65.42899999999975	16.551999999999907	-0.03879319999999998
11	0.0010000000000331966	0.0010000000000047748	-5.610000000000337e-05
11	0	0	0
3251	35.97300000000004	0.015099999999890201	0.08389949999999997
