4511	-14.644000000000005	91.09499999999991	-0.034419999999999895
4427	-47.00999999999999	132.471	-0.08173350000000004
4295	338.5879999999998	-11.58000000000061	-0.22914379999999995
4295	0	0	0
80	697.4549999999999	-91.17600000000004	-0.37755349999999993
4553	38.19000000000051	23.38399999999956	-0.12347980000000006
5	91.1400000000001	8.851999999999975	-0.052064600000000016
80	-1003.5639999999999	-356.318	0.2852771
80	0	0	0
80	0	0	0
80	0	0	0
80	0	0	0
80	0	0	0
80	0	0	0
80	0	0	0
4523	55.958000000000084	58.796999999999855	0.018020599999999998
4496	-11.720000000000027	46.97300000000007	-0.06009999999999982
4454	-23.661000000000172	-38.034999999999854	-0.015634099999999818
4493	6.020000000000437	82.30300000000011	0.2855438999999999
3497	284.7970000000005	292.2060000000004	0.18319059999999981
32	84.42800000000057	88.30800000000022	-0.02209500000000001
23	97.27099999999984	32.47300000000007	-0.007467100000000004
968	-155.94799999999964	0.04799999999988813	-0.010401600000000004
968	0	0	0
3908	-90.36599999999999	29.528000000000134	-0.08091309999999989
