5819	2137.8480000000054	885.7650000000035	0.35490740000000065
2372	897.3849999999995	644.3150000000006	-0.11479899999999987
2171	135.20700000000056	846.382	0.2674955999999999
455	-88.55549999999937	46.920999999999935	-0.07691540000000008
893	-1539.6441000000004	-432.7249999999998	0.408838
2684	2623.379	1583.2259999999978	-0.9683834999999998
851	-654.3020000000001	-139.08499999999998	-1.1467413
923	-2289.6270000000027	-266.0120000000001	1.1159309
923	0	0	0
923	0	0	0
8	129.1550000000001	141.125	-0.14072959999999998
32	-31.3359999999999	227.1210000000001	-0.010391100000000014
2	-17.625	43.10899999999998	0.013815099999999997
53	135.05900000000014	121.47399999999999	0.0229751
59	-186.25399999999985	7.670999999999935	-0.1703399
5495	-937.5040000000001	623.1540000000003	3.4228307000000022
5834	-64.83399999999966	-464.8450000000015	1.8144771000000026
4730	652.5659999999989	-233.14099999999996	-0.9393034000000016
2627	-570.1840000000001	-99.84299999999985	-0.2971970999999991
2648	-2050.8820000000014	-126.21000000000049	0.22387430000000003
530	-843.6660000000006	493.67	-0.2634005000000001
1265	-1711.9490000000005	52.06500000000028	-0.13359650000000006
395	-2938.2330000000015	-785.2790000000006	0.10009390000000015
377	107.52800000000005	-5.729000000000269	-0.26548200000000005
245	410.01299999999986	151.3259999999999	0.22294309999999995
