4973	-207.45944000000034	-329.3477999999998	1.8870522000000016
3359	334.8585000000015	-571.9779999999994	-0.5064924999999997
134	-21.560139999999986	258.68899999999985	0.012438400000000023
134	0	0	0
5	-37.21990000000001	88.15300000000002	-0.025996200000000018
2435	-472.1670000000003	233.0580000000001	-0.19059330000000013
89	11.769000000000062	479.9619999999999	0.030689099999999997
320	-49.14199999999991	375.71599999999984	0.9874072000000004
320	0	0	0
320	0	0	0
320	0	0	0
320	0	0	0
320	0	0	0
320	0	0	0
320	0	0	0
4631	279.8147599999998	-343.5292999999994	-0.6935098000000012
4700	379.15021	-74.39799999999974	2.7848638999999986
3596	-45.83248999999992	146.9966999999999	0.6798004999999997
2894	129.6739999999998	-35.29020000000034	0.44947079999999956
1415	311.9823000000002	-212.1970000000004	-0.16425720000000033
197	104.61199999999997	-17.484000000000208	-0.08471440000000002
530	-339.7432000000001	332.6819999999997	0.005734300000000012
530	0	0	0
530	0	0	0
254	106.64960000000015	-34.023000000000124	-0.03578980000000003
