2954	-2377.296590000003	625.3117099999987	-2.979727399999999
341	-1817.1988199999998	1923.8815900000004	-1.2478792000000003
284	754.0951999999994	750.1215900000002	-0.8682513000000001
131	-436.97799999999995	-552.4236000000002	-0.3672841
1136	-2738.8653	378.3589999999998	-0.9187163999999997
452	-758.32989	373.67008000000027	0.4365530999999999
221	-46.3678000000001	-532.8224000000002	0.1817727999999999
836	-1574.2362000000003	624.8228000000003	0.0984095999999999
53	-33.37092000000003	68.60900000000004	-0.10192620000000001
50	410.41083000000015	-146.96500000000003	-0.11864340000000001
50	0	0	0
50	0	0	0
47	35.20050000000014	60.710000000000065	-0.1282443
26	-199.82400000000007	21.538999999999987	-0.011288099999999995
23	0.0	0.0	0.0
2231	1412.2238299999967	-145.93200000000093	1.121765399999999
2267	-1804.8324700000005	2270.744	-0.5046031999999987
761	3450.574760000004	-1421.0115299999998	1.0547907000000014
164	-512.6148600000004	371.9829000000001	-0.3474331
14	-5.492999999999995	7.942999999999984	-0.016193100000000002
14	0	0	0
14	0	0	0
14	0	0	0
14	0	0	0
2	311.313	252.62800000000004	0.0035291999999999962
