5033	-29.459999999998217	-358.2520000000001	0.3544087999999992
1001	5278.155000000004	-3929.8800000000006	0.025066900000000662
731	1800.3719999999998	-1442.166999999999	0.7552863999999984
1691	2759.309	-1177.8819999999996	-0.32462269999999965
584	497.3519999999993	403.7239999999997	-0.044794299999999655
1049	4140.152	691.3500000000001	0.3678222999999997
494	9.75	13.301000000000016	-0.28211420000000026
731	-1398.767	-251.0460000000005	-0.18871480000000002
461	-8.043000000000575	-23.60600000000005	-0.10903860000000024
488	3.5489999999998645	13.671000000000106	0.056635800000000014
239	43.25	-50.91700000000009	0.058355000000000046
143	56.789999999999964	-68.536	0.029398899999999978
476	-458.70100000000014	12.132000000000119	0.1381766
239	-14.080000000000155	55.09699999999992	-0.09057109999999999
191	-27.559999999999718	19.891000000000133	0.09627829999999998
5012	1839.6090000000027	-1201.1770000000008	1.398841800000004
4997	-405.39000000000044	-174.10599999999997	0.9140612000000026
4523	378.05300000000045	-343.0940000000006	0.9443476999999993
4670	-1230.3980000000013	1250.065000000001	0.7975783999999978
1550	-1632.177999999999	15.744999999999777	0.042845500000000085
239	-295.59799999999984	192.81400000000014	0.001778800000000004
575	-2382.5159999999996	580.2220000000004	-0.1470469999999999
50	-13.739999999999554	0.14999999999992042	0.04520180000000001
62	-15.560000000000173	3.821999999999946	0.045188900000000004
1571	-2026.8719999999998	2.595000000000198	0.2623888000000005
