7316	-306.38349999999934	-135.95349999999985	1.7014247000000065
866	78.45600000000016	-301.38900000000046	-0.34473529999999963
392	-154.51100000000008	278.0431000000003	0.27823449999999983
14	12.963000000000022	34.370799999999974	-0.17656319999999998
14	-48.742999999999995	2.5749999999999744	0.1582707
923	-14.347000000000037	-184.41500000000013	-0.3804320999999998
29	-62.958	-155.21429999999998	0.08429269999999997
26	125.36500000000001	98.66299999999998	-0.33830200000000005
2	0.6539999999999964	5.194000000000003	-0.0115752
2	0	0	0
2	0	0	0
11	-105.22099999999998	30.52009999999997	0.23414210000000002
5	-1.9499999999999886	1.3159999999999883	-0.043899900000000006
5	0	0	0
29	-208.39299999999994	-74.66560000000001	0.20563250000000005
9989	-196.1373999999998	9.147299999999873	4.212672800000004
9770	257.87246999999934	365.35159999999973	-2.2095450000000025
6254	-430.74739999999986	228.06510000000037	1.1480418999999957
6890	-1417.0762999999974	-788.2588999999996	3.757769600000002
296	54.303200000000004	40.37550000000002	-0.18924459999999996
131	53.49409999999996	-69.25670000000001	0.07178510000000002
611	-129.8634	-59.954599999999985	-0.28600909999999996
611	0	0	0
5	1.373100000000008	8.493999999999986	0.011956000000000008
362	118.71350000000002	-94.52489999999992	0.19258880000000006
