5180	334.7210000000003	61.50400000000042	0.43140350000000005
4601	21.437999999999818	-19.4050000000002	-0.025786000000000087
4643	-199.55599999999993	-76.31800000000015	-0.40787400000000035
4577	13.69599999999997	60.802000000000135	0.021456399999999515
1265	-35.21199999999965	-382.25899999999984	-0.44497039999999966
5453	-436.7610000000003	-411.1290000000005	-0.38700959999999934
629	-27.369999999999663	-11.739000000000146	0.12707269999999993
17	1.9300000000000637	-0.20199999999994134	-0.1220108
17	0	0	0
17	0	0	0
17	0	0	0
17	0	0	0
17	0	0	0
17	0	0	0
17	0	0	0
4556	-74.61399999999992	156.22900000000013	-0.5147738
4517	-88.27299999999997	133.41899999999998	-0.0928578000000001
449	-217.5490000000002	-25.097000000000236	-0.3334857000000001
4508	-56.86299999999994	68.64800000000002	-0.21274359999999987
47	-35.02399999999989	-15.062000000000069	-0.016182700000000008
47	0	0	0
11	-4.121000000000095	-0.016999999999995907	-0.004110600000000006
257	-43.08600000000001	-19.599000000000046	0.0004657999999999815
257	0	0	0
4100	126.02199999999937	-68.80399999999989	-0.05510079999999996
