6725	-905.5260000000006	49.25499999999991	0.5204506000000004
713	-193.97800000000007	-189.8749999999999	0.45595069999999993
2921	219.58899999999983	-9.935000000000173	-0.12464280000000008
2921	0	0	0
2921	0	0	0
4361	37.22000000000071	-338.93499999999995	0.10778119999999997
29	-201.77999999999997	211.55600000000004	0.0737475
2	3.910000000000082	133.212	-0.4624264
2	0	0	0
2	0	0	0
2	0	0	0
2	0	0	0
2	0	0	0
2	0	0	0
2	0	0	0
4508	37.162000000000035	50.86600000000004	0.05585770000000012
4505	13.631999999999948	43.13499999999999	-0.0419400000000002
4490	66.62899999999996	84.221	-0.30437800000000004
4496	19.642000000000053	23.454000000000008	-0.15371100000000004
1877	-214.29799999999955	12.62600000000009	0.5122574000000006
1877	0	0	0
23	137.36900000000014	-17.706999999999937	-0.007580600000000021
23	0	0	0
23	0	0	0
1742	-76.15399999999977	-90.97999999999956	0.1815542999999999
