4523	-1400.8030000000017	447.07399999999996	0.07427200000000006
4502	285.4949999999999	97.11400000000003	-0.03581720000000002
4562	-238.6260000000005	282.4989999999998	-0.05790939999999989
248	3166.977999999999	-1059.5479999999993	0.15875189999999995
2951	659.0952000000085	-728.9010000000019	-1.5256911999999994
4571	785.8799999999994	29.41199999999992	0.3860246999999996
782	-1861.1010000000006	-1756.4469999999997	0.37028200000000033
3524	1469.288100000004	-2160.7860000000046	-0.4806762000000007
3524	0	0	0
3524	0	0	0
23	-0.019000000000005457	0.0	-0.06572800000000001
47	200.1300000000001	129.4459999999999	-0.019100700000000012
47	0	0	0
47	0	0	0
53	-1144.584	-35.170999999999935	-0.05999959999999999
4523	167.6590000000001	703.3269999999991	0.014200999999999894
4520	467.89	562.2860000000003	-0.030281500000000017
4499	-50.11599999999987	5.8700000000000045	-0.015848000000000112
4460	-47.16999999999962	-17.878000000000043	-0.25410330000000003
1766	3013.97	131.68700000000035	-0.3694494
74	-1642.2120000000007	-187.84900000000022	-0.10355899999999998
206	-1959.4529999999997	-23.037000000000262	-0.08705200000000003
533	4031.6813999999968	-2072.272	0.4034343999999999
68	-659.518	-250.19600000000003	0.2505672
422	-1370.187	50.404000000000195	0.02668570000000002
