4532	97.84899999999993	278.141	1.3968225000000012
4508	7.798000000000002	-52.81600000000003	0.086291
4517	119.4380000000005	-101.82099999999991	0.1943998
8	-74.39499999999997	43.09000000000003	-0.028903099999999987
56	-450.5980000000002	-200.11560000000011	0.08940979999999998
4505	3.966999999999757	25.41999999999996	0.056545000000000095
20	52.91000000000008	574.2299999999999	-0.128145
65	405.4939999999999	399.5800000000001	0.10965930000000007
11	-0.10100000000005593	-13.55800000000005	0.025688700000000002
14	9.843999999999937	-5.899999999999977	0.017613499999999997
2	2.076999999999998	-7.880999999999972	0.004722199999999996
2	-1.9320000000000164	1.9700000000000273	0.0004388000000000031
11	-25.372000000000014	-0.016000000000076398	0.027803
2	-0.009000000000014552	-23.488	-0.018565100000000008
2	43.069999999999936	-17.61999999999989	-0.037795699999999995
4526	41.33400000000029	19.680000000000035	-0.3417737999999997
4517	45.06000000000029	-60.629000000000104	-0.3537682999999999
4343	299.9320000000011	180.17699999999996	-1.1596969000000015
4475	-186.46200000000044	27.245000000000005	1.1400371
1175	-367.79800000000023	-230.6750000000003	0.09450230000000012
80	-70.63999999999987	52.22799999999995	-0.0763581
1475	-169.68799999999987	320.1129999999997	0.08180809999999993
3515	103.63599999999985	0.045000000000641194	0.059791300000000006
11	82.32000000000016	-72.493	-0.045649300000000004
3785	-924.5489999999996	135.86700000000008	-0.02830029999999987
