4523	4.004999999999939	63.92100000000002	-0.009553400000000184
4523	-270.045	40.51099999999991	0.5045700000000003
4532	711.2859999999997	-66.482	-0.7487884999999994
878	-467.5299999999997	494.83499999999964	-0.6012874000000001
2024	922.5109999999993	-1516.821	1.8400314000000002
4541	-88.73199999999997	88.80500000000006	-0.23751800000000056
854	-703.1539999999994	796.1989999999998	-0.07468869999999997
1943	117.41000000000014	-1990.0960000000002	0.5862208000000007
1943	0	0	0
1943	0	0	0
1943	0	0	0
1943	0	0	0
1943	0	0	0
1943	0	0	0
1943	0	0	0
4511	31.29200000000003	-43.01999999999998	0.018034299999999948
4535	666.9900000000001	242.80000000000004	-1.1413403999999994
4508	11.682000000000045	-36.62699999999998	0.2330379999999999
4442	330.44400000000013	41.660000000000025	0.1995796999999998
473	-215.07899999999998	-212.39999999999972	-0.10051099999999993
41	-15.67199999999994	39.14700000000002	-0.07078819999999997
83	-18.2410000000001	5.2070000000000505	-0.020229100000000007
62	-195.7849999999999	-135.63799999999998	-0.11494990000000001
14	-84.79200000000003	-96.58599999999996	-0.028388899999999995
3299	-118.78200000000021	123.69700000000003	-0.0712387000000001
