5012	7438.140999999993	2639.944000000006	7.357870500000002
2978	-764.6265999999982	-6666.821800000008	-1.0073607999999994
2462	-972.6032000000015	1992.9380000000015	-0.5487687999999996
401	1256.3940000000002	-2739.5729999999985	0.3975635
359	-2728.0969999999998	-3056.048999999999	0.9385912999999998
3152	2704.4489000000012	605.792099999999	0.06719970000000032
530	205.0264300000012	942.4439999999987	0.8642936000000003
377	-370.3417999999986	581.8750000000001	0.24994059999999996
479	-1163.885989999999	73.1389999999999	0.3482133000000002
503	-1736.654000000001	-774.1339999999997	-0.6619725000000001
224	-4544.871999999999	412.4849999999996	-0.5864716999999998
197	-2060.2470000000008	-14.242000000000303	-0.2598134
464	-1006.8123600000006	-237.5320000000009	0.4311302
218	-3001.9979999999996	-5.927000000000135	-0.7098494999999999
164	-612.055000000001	-406.023	-0.41128069999999983
5237	-2451.6559	-839.7179999999978	0.6786459000000009
4178	-11060.580559999993	-382.2709000000006	1.631724899999998
3419	-3026.988450000003	243.0612000000005	1.809291299999997
2246	-4600.637	-135.42399999999992	0.6078680000000003
2471	1750.4509999999982	1387.4740000000015	0.050634000000000276
1190	2504.798999999998	-810.9090000000016	-0.9076902000000004
1553	-8676.625	1330.9669999999996	-1.1113879999999992
359	-565.440000000001	-124.01599999999985	0.2922553999999999
134	-623.901	161.92500000000013	-0.020846799999999985
1733	-4560.4897	212.95440000000002	-0.7505601999999995
