3851	2.007000000000062	37.202	0.026900000000000035
3857	17.629999999999995	60.707999999999856	-0.09298239999999997
3851	7.8729999999999905	-1.94500000000005	-0.014533000000000018
3851	0	0	0
71	272.40300000000025	-154.8259999999999	0.27547740000000004
3851	207.68100000000027	-178.16200000000015	-0.27610650000000014
3851	0	0	0
197	27.42299999999966	-252.53600000000006	0.005621500000000057
197	0	0	0
197	0	0	0
197	0	0	0
197	0	0	0
197	0	0	0
197	0	0	0
197	0	0	0
3851	11.711999999999989	29.300999999999988	0.018380000000000063
3851	5.947000000000003	31.34700000000001	-0.032945
3833	-19.46599999999995	23.52800000000002	-0.3755610000000001
3854	7.994000000000142	21.569999999999936	-0.10633429999999999
1670	-342.0320000000002	-218.69899999999967	-0.033359599999999955
1670	0	0	0
1670	0	0	0
242	-37.044999999999845	39.09500000000014	-0.004208000000000003
242	0	0	0
2819	247.41100000000012	265.90099999999995	0.18615949999999987
