824	88.12599999999998	-44.05000000000007	-0.03446479999999996
821	-176.529	-102.99000000000001	0.10231000000000001
821	-206.0450000000001	-114.78300000000002	-0.0385977
5	141.3699999999999	-156.00699999999995	0.004336899999999991
71	188.18000000000006	79.382	0.06067600000000002
821	-194.26999999999998	-73.60000000000002	-0.007947999999999983
206	-535.5199999999993	-1121.4559999999997	0.27431049999999996
497	827.105	-1804.258999999999	-0.06018440000000001
497	0	0	0
497	0	0	0
497	0	0	0
497	0	0	0
497	0	0	0
497	0	0	0
497	0	0	0
821	58.86400000000003	-76.481	-0.011946000000000012
833	-23.659999999999854	-55.942000000000064	-0.0851437999999996
824	-76.5379999999999	-111.86500000000001	0.1954601
239	5.740000000000691	285.31199999999984	-0.7525512000000002
278	-272.45300000000043	-569.8326000000004	-0.042549200000000016
11	161.73500000000013	-447.45449999999994	-0.024755200000000005
77	8.63000000000011	161.55699999999985	-0.023177999999999983
734	-91.33799999999997	-44.236000000000104	0.007785499999999994
734	0	0	0
320	-200.87499999999966	-195.269	0.0979083
