5603	1374.6309999999999	-2466.420000000001	-3.0961649999999943
5990	1021.9590000000007	2478.4400000000014	-0.43456240000000074
7022	-3116.865999999999	3479.507999999994	0.2325006000000007
902	-1731.5430000000001	736.3746199999996	0.6747669999999996
830	-393.2929999999999	2475.4429999999984	0.7358233000000001
5636	768.4960000000024	2195.262999999998	1.0251206000000013
836	-7196.217000000001	-2628.2959999999994	-0.3875016000000003
1040	-8041.7576000000045	1385.7529999999997	-0.0770921999999995
602	861.9890000000005	-1806.7278999999987	-1.0537778999999996
680	-2855.6600000000017	-789.7677099999992	-0.5281248000000001
425	-1155.7700000000002	912.3089999999997	0.8448420000000003
500	-609.8831000000018	-1414.8934000000017	0.6876711
590	-1874.8919999999998	-1404.2588700000006	-0.6861890000000005
443	-3415.515999999999	-783.5035999999998	0.6163379
449	-4444.094999999998	-1821.4669999999987	1.0954916
5381	1956.8640000000012	-570.316	3.4089964
5375	-1280.352000000003	-1109.9100000000003	7.049363999999993
4145	306.1300000000002	125.69900000000081	-1.3826905000000003
3659	-8212.530999999995	-1538.6409999999998	-1.7618656999999989
3089	-869.2759999999973	-2796.4366999999975	0.6679167000000001
863	-1669.8229999999992	1048.7589999999998	0.5159494999999996
674	-2778.1820000000007	-444.89699999999993	1.4953718999999994
359	-1218.5510000000004	-972.0820000000001	0.09153499999999984
350	-1886.404999999998	-1087.2159999999994	-0.06813839999999971
3311	3130.977999999997	-1995.1838000000034	0.8277331000000006
