2591	7.994	11.909999999999997	-0.022373000000000087
542	-135.09600000000006	11.87599999999992	-0.11809519999999996
59	18.541599999999995	-3.9440000000000737	0.007877700000000022
59	0	0	0
59	0	0	0
17	-6.602999999999952	-13.235000000000014	-0.012181099999999993
17	0	0	0
17	0	0	0
17	0	0	0
17	0	0	0
17	0	0	0
17	0	0	0
17	0	0	0
17	0	0	0
17	0	0	0
2612	-2.738000000000028	-55.39100000000002	-0.5456219999999996
2585	7.996999999999986	-14.667799999999986	-0.2411640000000001
2591	7.909300000000002	-3.9360000000000213	-0.1682430000000003
2585	30.46999999999997	83.47000000000003	-0.1755261999999999
2570	-1.460000000000008	-55.432000000000045	-0.0369548
68	-74.65800000000002	61.07899999999998	-0.017417199999999994
140	-37.562000000000154	-14.639000000000038	-0.009908599999999969
140	0	0	0
140	0	0	0
2111	-10.709000000000017	-5.440000000000197	0.050193600000000074
