7718	-3096.764999999992	-45.69500000000028	-2.5669625999999988
5123	-291.0469999999994	-403.54200000000037	-0.07957669999999994
4886	250.21300000000002	61.94000000000079	-0.3366937000000001
83	-582.8399999999999	-41.22999999999979	0.16092249999999997
254	3237.5540000000005	359.26799999999986	-0.3502445999999999
5393	-863.0000000000002	-909.9859999999987	-0.25235300000000005
32	-273.5000000000002	-618.2489999999999	-0.00369939999999995
236	165.3716000000004	155.75900000000024	-0.2125140000000001
236	0	0	0
236	0	0	0
236	0	0	0
236	0	0	0
236	0	0	0
236	0	0	0
236	0	0	0
7316	-449.4779999999978	119.60600000000028	-0.14269730000000042
6140	-3235.0530000000044	-1260.708000000002	-4.0107287000000085
7004	-4600.802999999997	-610.183	-2.405478299999989
4694	-1103.1939999999995	137.50099999999998	-0.6123512000000005
1424	-503.2429999999996	88.95100000000082	-0.10532430000000007
2	23.49799999999999	123.71100000000001	3.689999999999943e-05
2	-2.730000000000018	-5.8940000000000055	0.003676599999999995
3695	132.25099999999952	53.290000000000305	0.033569599999999984
3695	0	0	0
4034	-537.6019999999997	387.56899999999985	0.17278109999999985
