4415	-85.44099999999992	194.37599999999998	-0.001509100000000041
4496	5.778999999999996	29.46199999999999	0.031917999999999946
4496	17.548000000000002	23.426000000000045	0.04808899999999999
2432	367.8989999999997	194.36600000000078	-0.9569298999999983
755	64.66899999999998	606.2019999999999	0.28456890000000024
4496	-11.819999999999936	38.246000000000095	0.02419200000000002
3725	411.52999999999975	64.87999999999977	0.9765882999999999
1094	-199.5579999999992	1142.33	0.2366847999999998
1094	0	0	0
1094	0	0	0
1094	0	0	0
1094	0	0	0
1094	0	0	0
1094	0	0	0
1094	0	0	0
4421	512.1789999999999	220.76500000000004	-0.9922545000000004
4409	144.2280000000004	138.348	-0.4319723
4475	-500.1989999999997	-35.29299999999989	0.992195600000001
4388	279.53599999999983	273.7810000000002	-0.08775969999999977
665	-151.53699999999958	449.17999999999984	-0.06759509999999999
5	11.590000000000032	-0.24699999999995725	-0.024159799999999995
17	-23.440000000000055	17.470000000000027	0.0010794999999999971
29	-41.30400000000009	-5.857999999999947	-0.007349700000000008
29	0	0	0
1787	222.88400000000007	217.82300000000035	0.09711779999999995
