4601	176.5809999999999	279.97900000000027	0.39952420000000033
4472	-794.7809999999998	-314.9220000000003	0.17575900000000017
3929	341.1450000000004	-376.58000000000027	-0.6979268000000008
332	-1462.9314000000013	626.7830000000012	-0.10455449999999997
704	311.83480000000054	-756.2769999999999	0.1152564
4892	1456.7469999999978	-874.1020000000003	1.0708758999999999
317	-1796.2116099999987	671.2434000000005	-1.1662369999999995
947	-100.63079999999921	-2149.248999999999	-0.9794124999999997
5	14.734000000000009	-14.793000000000006	0.035259999999999986
5	-35.3386	-11.79200000000003	0.016029700000000008
8	-2.9030100000000116	6.123000000000047	-0.013575400000000001
26	-294.5120000000004	-406.2799999999998	-0.02650389999999997
5	26.435200000000002	-17.716000000000008	0.02477899999999998
17	59.03298	141.3430000000003	-0.025028199999999987
23	20.097000000000094	-850.4930000000002	0.1185029
4592	-736.1640000000001	850.7219999999998	-0.8595658
4736	-161.9569999999992	312.6400000000013	0.35396199999999955
4625	683.0830999999973	174.0679999999993	-0.8284144000000022
4940	503.07000000000164	279.4530000000014	0.1387937000000001
605	-1263.7085000000002	153.572	0.014845000000000212
65	-1633.5393	-726.4260000000004	-0.06210100000000002
47	1298.1838	-809.0580000000001	0.019639900000000002
125	-723.9761999999996	503.7100000000003	-0.0224788
47	161.8685000000002	-182.40999999999997	0.014867199999999997
3683	-1799.0889000000002	334.00099999999844	0.18975920000000024
