4970	-262.3880000000001	-74.77939999999961	-0.0356020000000003
4493	91.37599999999995	112.21000000000012	-0.2144555999999999
4496	39.10449999999997	247.99000000000007	-0.41298909999999994
6452	-1271.3586000000034	744.8720000000003	1.024693100000002
7583	477.1750000000005	-673.5410000000012	-1.6266530000000023
4490	109.59299999999996	105.67199999999994	-0.25179960000000007
4898	1091.357500000001	542.9459999999999	1.9759526999999968
6950	1326.1119999999996	579.1640000000002	0.1270491999999992
95	44.36499999999995	0.0	0.10994050000000002
74	-27.413999999999987	-54.858000000000004	0.20027999999999996
35	-284.57700000000006	121.4649	-0.07566369999999997
3272	-416.87799999999964	-16.019000000000062	-0.15734879999999982
62	-46.976999999999975	22.196000000000026	0.013030599999999976
44	61.338999999999885	265.0398	-0.08279140000000006
3446	-514.3389999999995	-236.00900000000016	-0.11696159999999992
5186	0.044999999999845386	207.22740000000016	1.6305491999999986
4955	87.31609999999986	331.39389999999906	0.2073021000000001
4322	24.516000000000076	138.27550000000008	1.4513963000000012
4541	-262.15200000000004	416.50599999999923	-2.011178800000001
1907	1136.3550000000027	-982.6290000000004	0.12876320000000038
272	790.7810000000002	355.08360000000005	-0.0660640999999999
3641	-46.801999999999964	58.44399999999993	0.05985180000000005
416	1294.8319999999994	316.8509999999997	0.3319071
161	477.8090000000002	337.8190000000001	0.01077789999999998
6194	-948.395999999999	-395.42959999999937	0.19887620000000014
