4073	778.6420000000015	-808.8350000000003	0.093000900000001
191	173.89299999999957	-67.6759999999997	-0.0009782999999999875
14	-1801.2990000000002	671.1457	-0.06187
14	0	0	0
14	0	0	0
71	-8.800000000000182	-1024.226	-0.011292599999999986
2	-173.6500000000001	-129.53099999999995	0.07198080000000001
20	276.616	238.31100000000004	-0.008408600000000002
20	0	0	0
20	0	0	0
20	0	0	0
20	0	0	0
20	0	0	0
20	0	0	0
20	0	0	0
4469	-3153.7439999999997	-391.06200000000024	1.2734083999999999
3374	1345.4039999999995	761.3019999999997	-0.2758866999999973
1568	364.98700000000025	426.7939999999992	0.39092179999999976
2210	-412.1799999999994	706.2939999999996	0.15711090000000033
386	1179.4830000000002	-193.3283	-0.02040930000000004
29	144.3510000000001	32.160999999999945	0.09034729999999999
143	359.37599999999964	-520.7794999999996	0.15474439999999992
143	0	0	0
143	0	0	0
140	-760.3570000000004	435.99710000000016	-0.14292320000000003
