5768	-864.0600000000031	945.5329999999997	1.1182452999999988
2507	-740.267	-877.9709999999999	0.38522549999999933
1175	-219.31419999999986	-571.9320000000004	-0.9926433000000008
53	-182.14400000000003	150.9810000000001	0.3361742
101	667.9589999999993	-17.66300000000001	1.3373258999999997
3797	2166.969000000002	391.96099999999944	-0.5329720999999992
11	-11.823000000000008	-15.64799999999991	-0.014906000000000003
50	-97.87599999999998	105.76700000000022	-0.19224990000000003
23	-21.64100000000002	1.891999999999996	-0.14731499999999995
23	-17.854000000000042	3.8759999999999764	-0.10863600000000007
2	-1.8809999999999718	-0.11099999999999	-0.152198
2	-0.08199999999999363	-7.835999999999956	-0.15176879999999998
23	-19.661999999999864	-0.009000000000071395	-0.196297
2	-0.04099999999999682	1.893000000000029	-0.07690699999999998
2	-0.016000000000019554	-0.03999999999996362	-0.0777182
6044	887.6020000000002	-430.895999999999	-0.48872359999999226
5726	969.8579999999992	-696.542999999999	-3.352824100000004
4520	1156.113000000002	-695.414	0.20395490000000005
4853	-319.3060000000004	104.06199999999973	0.017081900000000594
2393	-2853.242999999997	823.101000000001	-0.4089215000000002
71	-314.97499999999985	-62.63600000000008	0.08732620000000002
2474	-807.226999999998	307.2450000000004	0.0528249
2	1.8260000000000218	2.045000000000016	0.0021771000000000013
2	0	0	0
332	-1429.4890000000003	113.24900000000002	-0.046534100000000016
