6086	245.02699999999965	-329.4829999999999	0.2219897
4877	2007.1980000000049	-93.40799999999979	-1.1740439999999999
4661	507.91049000000004	-61.7879999999999	0.2536570999999998
4223	94.15099999999984	-223.81400000000076	0.7159191000000004
1001	574.03	-611.898	-1.530302699999999
4664	-17.83599999999967	-41.30100000000016	0.2677937999999996
4538	-238.19100000000003	-191.18300000000022	-0.15854229999999925
2222	-129.67999999999864	-270.47999999999945	0.09261620000000037
1511	-155.62200000000053	47.03699999999969	-0.09426639999999975
1073	88.47500000000002	17.5179999999998	-0.09101990000000001
386	276.4759999999998	-20.609999999999786	0.15904629999999997
386	0	0	0
2168	1757.1540000000014	-991.9959999999998	-0.2585298999999999
785	349.71099999999944	217.18899999999974	-0.21744849999999996
5	2.8900000000001	-2.965000000000032	0.00019279999999999992
5804	403.39399999999966	-38.16399999999976	-0.0924800999999999
5432	730.1730000000006	-267.6360000000004	-0.008673000000000097
4490	11.770999999999503	-41.29499999999996	-0.23715590000000003
4529	341.4420000000006	182.31899999999985	-0.12955880000000036
32	38.32600000000002	27.057000000000045	0.13113909999999998
2	-44.08100000000002	79.50399999999999	0.10601719999999999
74	-8.591000000000122	5.897000000000048	-0.013071999999999993
2	-38.41100000000006	73.579	0.1184971
2	0	0	0
1967	-63.94399999999945	-45.97599999999997	-0.16510220000000003
