4289	447.5300000000001	-112.24000000000012	-0.38908400000000076
4262	-406.03100000000006	-47.04399999999987	0.03905399999999987
4265	50.18599999999992	-259.1930000000001	0.9259886000000004
353	-977.2069999999995	-146.82899999999995	0.8886929999999997
521	-6227.779099999998	300.3269999999999	-1.4986720000000002
4256	232.53799999999978	-152.9500000000004	0.2479766000000001
458	-232.74699999999996	-550.6310000000004	-0.35973420000000006
503	-8823.006500000001	-306.2490000000001	-4.631818100000001
503	0	0	0
503	0	0	0
2	-2.9700000000000273	3.0230000000000246	0.0070875999999999995
2	0	0	0
2	0	0	0
2	0	0	0
2	0	0	0
4232	-582.4860000000002	276.6859999999999	0.5853368999999998
4232	-14.154999999999973	70.65499999999997	-0.08898570000000017
4196	-138.39300000000014	73.63800000000009	0.09303679999999986
4079	-203.0890000000004	-194.3110000000001	-0.7104214999999999
113	-588.554	47.34499999999997	-0.05731739999999999
59	-553.9559999999994	40.54599999999999	-0.014372700000000016
59	0	0	0
401	11.728999999999758	164.50799999999992	0.018862900000000016
8	-11.731999999999971	-3.245999999999981	0.016823200000000003
2894	495.6439999999998	-91.83299999999997	0.08747770000000017
