4505	-114.988	45.49800000000005	-0.5872890999999999
4280	265.2390000000002	24.367999999999938	-0.12086269999999984
1313	94.43208999999995	157.2739999999999	-0.018234899999999832
8	-0.0008400000000001739	-0.01999999999998181	-0.0024904999999999927
8	0	0	0
5	-17.402000000000044	247.79700000000003	0.0817957
5	45.32899999999995	-0.06999999999993634	0.024005700000000005
5	111.73299999999995	418.9370000000001	-0.2882532
5	0	0	0
5	0	0	0
5	0	0	0
5	0	0	0
5	0	0	0
5	0	0	0
5	0	0	0
4505	-3.463000000000079	205.94800000000004	0.7409654
4496	66.238	13.876999999999981	0.03844000000000025
4385	225.42965000000015	-296.5619999999999	0.6056491000000035
4364	24.125399999999757	-327.9940000000001	0.5430759999999998
3788	-40.16899999999987	-189.3270000000005	0.0011205999999997218
47	19.914000000000044	4.044999999999959	0.05712919999999999
1133	-736.9690000000003	-212.88800000000015	0.030024800000000025
89	66.2080000000002	55.854000000000156	-0.0009300999999999893
89	0	0	0
2144	103.98199999999984	102.46199999999982	0.13695840000000004
