4373	1132.361179999999	873.7000000000005	0.06465439999999967
4571	-2055.864990000001	211.1451	0.3576408999999994
4520	405.2560900000017	998.1915999999986	-1.5438389999999995
626	-328.94687000000084	-1650.5385000000003	-0.7679867000000005
833	-3443.26765	1499.0860700000003	-0.9891214999999988
4481	8287.91920000003	-1280.3249999999985	0.15042409999999928
374	-5579.670599999998	-5.851499999999987	-0.48629860000000014
440	2419.346599999999	-891.5877000000016	-1.1139579000000002
446	-1878.1510000000007	1058.1480999999999	0.6485968000000006
461	-1548.1810000000005	1100.3264299999998	0.9062608999999997
590	-1429.9660000000013	537.8278800000005	0.8260726999999997
494	1901.3569999999995	289.67399999999975	0.20256959999999963
419	-668.1709999999996	313.0296099999999	0.12568690000000077
542	418.19300000000044	-167.3124899999993	1.3394214000000004
443	798.7469999999996	-31.38759999999968	-1.3572655000000002
4241	-482.4926400000028	1723.0516799999987	-3.8200885000000033
4319	-1445.6270000000004	-314.56299999999874	0.8860499000000024
2801	-2446.3944999999985	-476.9389999999997	-2.7380712000000056
4256	-818.0757099999992	-1383.9637000000007	0.8998059999999979
761	1107.472249999999	-5238.775999999995	-0.26577889999999993
377	-1353.5190999999995	-447.15799999999984	0.17631440000000004
1739	1695.813	-2554.770999999999	-0.8770256000000013
668	-1706.369600000001	-382.2171999999988	-1.5316677999999992
374	-885.8764000000001	-464.3169999999999	-1.4544724000000004
3740	31.564670000002195	-826.3630000000012	-1.4638204000000012
