878	-416.6039999999999	43.91290000000002	-1.4017887000000004
665	-860.8739999999998	-187.78099999999992	-0.12301519999999999
227	-1134.6943000000006	-282.6800000000002	-0.1371140999999999
68	-26.393399999999957	-33.26500000000007	0.1184627
47	4.8496300000000225	-27.369000000000014	0.057935699999999986
1121	-825.6626999999993	-605.5449999999992	-0.24017719999999967
83	-20.60919999999989	256.27000000000004	-0.01500350000000001
14	-6.868399999999996	-5.786000000000001	0.06789390000000001
8	-258.2339999999999	128.12399999999997	0.1124814
8	-239.63600000000002	131.071	0.12649160000000004
2	-105.656	2.9339999999999975	-0.1038938
5	-67.47800000000004	38.133999999999986	-0.18758009999999997
8	-277.76200000000006	129.09699999999998	0.0568863
2	-135.005	17.59699999999998	-0.1191992
2	33.25200000000001	23.50200000000001	-0.046556
1259	-26.442999999999955	183.85359999999997	-1.3106345999999987
905	-324.7080000000001	109.53829999999999	0.0383049999999997
698	-337.5110000000001	-0.9663000000000181	0.009285500000000085
761	-165.39699999999993	-39.040300000000016	-0.0991705000000001
122	-20.732999999999947	-17.899199999999936	-0.1169143
29	78.31800000000004	-3.9920000000000044	-0.041557200000000016
176	33.17199999999997	76.16049999999998	-0.0644707
2	31.297000000000025	16.637	-0.004429000000000002
2	0	0	0
8	-132.07500000000002	43.01600000000005	-0.1368918
