4517	1670.0419999999995	474.1845999999983	0.4660312000000012
3080	309.71200000000033	462.29800000000023	-0.5927265000000008
3164	-423.02200000000005	-187.91299999999973	0.6230488999999998
47	-74.81100000000015	-303.8119999999999	0.16657130000000003
32	37.42399999999992	135.17700000000008	-0.21983450000000002
3950	-2411.8699999999994	-650.5470000000004	0.9531874000000018
233	-117.17599999999982	-109.767	0.5257403999999999
134	-762.4340000000002	-223.29700000000005	-0.024732399999999974
8	25.47099999999989	9.819999999999993	0.074882
5	35.263000000000034	33.32800000000009	-0.006310900000000008
125	533.1869999999997	-66.68800000000007	-0.49170900000000006
20	-127.32599999999991	-54.835000000000036	-0.011407300000000009
5	17.60200000000009	-9.785999999999945	0.06097809999999999
155	41.28699999999981	109.96499999999997	-0.2211811
17	-49.006999999999834	-9.787500000000065	0.15168509999999996
4493	1126.4029999999998	1037.6362	-2.8164994000000023
4205	424.8610000000001	1459.3442800000007	-1.3624978000000023
4046	940.2719999999994	76.62939999999998	-0.6158015000000011
3299	-121.61600000000038	427.4169999999999	0.14874470000000045
1631	437.74100000000055	-766.370000000001	0.3031701
236	-37.406000000000176	-152.2346	0.06039979999999999
947	-349.7099999999997	493.4089999999999	-0.015492499999999992
419	-395.85999999999996	478.2390000000001	0.0379699
8	0.009999999999990905	3.8959999999999866	0.015277100000000009
1466	-69.39799999999957	390.39349999999985	0.22357299999999997
