4760	3050.2534300000007	-1088.692000000001	0.6807952999999997
4478	8.900000000000091	17.634000000000015	-0.0554619999999999
4676	-182.54400000000004	-232.83600000000047	-0.3230286000000005
164	223.42899999999986	490.8049999999996	0.3509920000000002
1253	1710.0576999999976	738.9579999999994	-0.025908899999999555
4469	247.24999999999977	-120.68500000000006	-0.1623824
167	315.4232	-235.57799999999952	0.18930940000000007
629	432.5141	-380.0989999999997	-0.028703800000000182
629	0	0	0
629	0	0	0
68	79.15499999999986	0.19299999999998363	-0.11266390000000003
110	99.52399999999994	-14.81899999999996	0.07073259999999998
110	0	0	0
50	-3.0909999999999513	52.76799999999997	0.12139990000000003
119	-76.14999999999998	35.15800000000024	-0.06489349999999999
4517	930.535	387.9389999999999	-0.8457712999999994
4595	-728.3531700000003	-156.8760000000001	-0.018642599999999954
4442	46.92400000000009	67.65699999999998	0.5921905000000001
4448	-615.0603999999996	-208.94700000000012	-0.31508700000000023
3350	-577.1319999999998	68.01900000000035	0.3453675999999991
317	-323.3260000000002	972.2439999999997	0.12961590000000006
599	842.7703000000007	650.2810000000001	-0.5409212
4601	-1309.3270000000034	135.2850000000002	-0.2149270999999999
275	73.471	503.60200000000026	0.2701329
1376	617.7889999999999	405.31299999999976	0.1577174
