4601	-1927.611300000001	-161.58399999999983	-0.5597566
59	-413.69	350.86000000000035	-0.07464090000000001
59	0	0	0
59	0	0	0
59	0	0	0
59	0	0	0
59	0	0	0
59	0	0	0
59	0	0	0
59	0	0	0
59	0	0	0
59	0	0	0
59	0	0	0
59	0	0	0
59	0	0	0
4472	-760.0712999999989	-173.8909999999999	1.5461318999999984
4586	922.432	351.3079999999999	0.3190681000000002
209	88.72270000000003	-120.3779999999997	-0.5035512000000002
2771	-1143.1400000000003	-58.33000000000061	0.5898526999999997
1328	1089.5020000000013	-511.67599999999914	0.4721853999999992
200	167.54199999999935	166.75199999999938	-0.08687739999999997
461	-413.30500000000063	-500.377999999999	0.00850510000000005
461	0	0	0
461	0	0	0
107	12.027999999999963	32.711999999999875	-0.037499899999999996
