4505	-620.9920000000001	-444.2798999999998	0.089673
4556	394.20699999999977	-64.67699999999991	-0.16174529999999976
4586	1033.1259999999984	362.23900000000015	0.7060355999999999
1562	1141.9559	1315.9129999999998	0.4874732999999991
1730	974.4730000000005	2804.584000000006	0.24426599999999798
4676	-735.8320000000006	17.64100000000019	-0.10961499999999974
437	927.2459999999993	679.8469999999999	0.14937459999999994
551	-233.00300000000004	-11.679000000000258	-0.8752977999999991
551	0	0	0
14	-5.877999999999929	-2.9189999999999827	0.003969
14	0	0	0
11	58.816999999999894	138.466	-0.096037
11	0	0	0
11	0	0	0
11	58.92399999999998	138.45899999999997	0.034400799999999995
4490	-315.076	-417.9771000000001	0.5161176
4481	-318.0060000000001	-125.14910000000003	-0.2934783000000001
3497	233.39900000000011	-841.5709999999983	1.2531188999999996
4337	-73.57799999999986	-158.93730000000002	-0.5571065000000013
2357	-338.51200000000006	377.5189999999996	-0.0054719999999999075
29	-26.62100000000021	-52.11699999999999	-0.015235399999999996
155	327.45799999999986	212.30299999999988	0.08194599999999999
2270	200.09700000000032	-20.473999999999705	-0.037068899999999974
2	2.869999999999891	-2.8909999999999627	-0.011115600000000003
3101	-213.79800000000034	-20.904499999999814	-0.04032470000000009
