1316	101.4371	373.38949999999977	0.6739754999999998
425	18.373300000000064	175.882	-0.5490803999999999
650	-84.34433999999996	181.66999999999993	0.3959253999999996
47	-44.1249	42.15800000000007	0.22816530000000002
137	88.24357000000003	-169.22999999999996	0.5150310000000002
104	15.443159999999985	-37.53699999999995	-0.12312020000000007
5	-11.825499999999998	7.9360000000000355	-0.001552800000000007
29	-3.316200000000002	-9.859000000000023	-0.0417903
5	4.619600000000002	15.15900000000002	-0.1634487
5	3.286900000000003	11.869999999999976	-0.16214699999999999
2	1.3094999999999999	-1.3219999999999743	-0.0934314
2	0	0	0
5	62.6032	15.816000000000003	0.0764676
5	0.008899999999997021	-0.0049999999999954525	-0.010859600000000004
2	1.3470000000000084	-1.3319999999999936	-0.0234305
1322	-179.18569999999997	322.1289999999998	-0.3824438999999998
1367	54.71019999999997	335.84299999999985	-2.9360511000000025
1058	-9.37080000000001	242.21900000000005	1.2988006000000003
860	-29.685200000000023	287.2241000000002	-0.6520461999999997
860	6.0842999999999705	280.6610000000001	-0.003969199999999971
146	6.7524000000000655	-11.156000000000006	0.03401809999999999
107	8.553300000000021	21.600999999999942	-0.0322995
107	0	0	0
107	0	0	0
656	-14.414500000000032	226.22299999999984	-0.08274680000000012
