4400	13.951999999999941	122.33399999999995	-0.21207600000000015
4397	-191.9220000000001	164.12000000000012	-0.04425349999999989
2573	76.5173900000008	98.1479999999998	0.26566129999999993
2	-31.408000000000015	-13.941000000000031	0.04485140000000001
359	126.17410000000012	-80.07600000000025	-0.15145389999999995
4394	118.77499999999975	-100.99099999999999	0.25408109999999995
38	-55.68599999999992	-38.166000000000054	-0.11396239999999996
599	185.12999999999994	199.14599999999984	-0.9915169000000004
599	0	0	0
599	0	0	0
599	0	0	0
599	0	0	0
599	0	0	0
599	0	0	0
599	0	0	0
4406	62.92999999999972	48.947000000000116	-0.15854400000000002
4421	-35.372999999999934	66.00600000000009	-0.38587759999999993
4025	215.87078000000022	-83.1880000000001	2.8951690000000054
2477	501.8700000000005	111.16699999999958	3.3536794999999993
308	211.98300000000017	-179.22300000000007	-0.02905400000000003
44	10.058000000000106	-52.84199999999987	0.0027630999999999906
122	-20.354130000000065	113.96600000000012	-0.012295399999999977
1163	-115.54900000000009	-41.84500000000014	0.0028193999999999997
1163	0	0	0
2651	-550.3662999999991	-349.4219999999993	-0.06783629999999982
