4496	3.990000000000009	-7.969000000000051	-0.03312599999999999
4496	3.910000000000082	3.9700000000000273	0.020915000000000072
4553	-27.684000000000196	62.860000000000355	0.1548812000000001
92	121.8337500000001	-459.43800000000033	0.01957859999999996
131	841.2513999999999	278.10700000000054	0.027806900000000134
4496	11.680000000000064	-39.190000000000055	0.008654999999999968
23	-66.39400000000012	0.0420000000001437	0.040196399999999986
2	-2237.1817	4.059999999999945	-0.0004064000000000012
2	0	0	0
2	0	0	0
2	0	0	0
2	0	0	0
2	0	0	0
2	0	0	0
2	0	0	0
4496	31.38000000000011	-7.9909999999999854	-0.004365999999999981
4496	15.700000000000045	11.894000000000005	0.143737
4337	-152.68200000000047	71.63899999999995	5.624097000000027
4466	23.069999999999936	86.23799999999994	0.0093329000000002
2084	-624.7799999999994	339.72300000000035	0.0036321000000000755
20	-19.569999999999936	-4.011999999999944	0.014062999999999999
182	109.78000000000065	55.59199999999987	0.007111899999999997
4178	-612.5209999999994	-294.5129999999991	0.011825200000000001
4178	0	0	0
4301	-98.81000000000074	8.313999999999908	0.17600070000000007
