4412	-402.04299999999995	-91.43999999999997	2.103760799999996
4235	-246.70000000000005	197.03299999999996	0.7621637000000004
4298	-358.97200000000004	214.048	0.574229699999999
3680	100.57300000000012	-149.98399999999992	0.04032890000000061
596	-58.614999999999355	465.7580000000004	0.31032000000000015
4217	-3.9340000000000828	113.56899999999999	0.3566304999999999
4268	367.2389999999996	155.26899999999995	-0.8352058999999994
1058	884.6639999999996	511.5189999999999	0.6951751000000004
1058	0	0	0
8	3.9150000000000205	-3.9359999999999786	0.0069957999999999965
29	39.16599999999977	7.757000000000005	-0.0018596999999999989
29	0	0	0
2	0.0	0.0	-0.00014890000000000042
242	-37.85899999999987	-9.223000000000013	0.15143399999999999
242	0	0	0
4391	-421.4879999999999	199.487	-0.18220050000000032
4385	593.7810000000006	2.66700000000003	0.5397973999999998
4262	249.26999999999998	-49.53399999999996	0.0321119
4196	-75.94900000000007	280.4159999999996	0.3347399999999997
35	188.30099999999987	-77.96559999999995	0.005240900000000007
35	0	0	0
35	0	0	0
35	0	0	0
35	0	0	0
926	311.02700000000004	-259.222	-0.06186600000000004
