4496	5.899999999999977	16.670999999999992	0.0022850000000000925
4499	-6.85400000000007	3.9029999999999916	0.071604
4571	29.37200000000007	-7.849000000000103	-0.06629939999999987
224	25.51720000000003	217.1480000000001	-0.28634780000000004
8	64.56400000000001	-118.364	0.04637770000000001
4595	22.502000000000066	-153.56799999999996	0.43546450000000103
2321	-71.81900000000002	158.47700000000003	0.08617070000000007
2	-9.789999999999992	-8.792000000000002	0.1042554
2	0	0	0
2	0	0	0
11	-1.9519999999999982	0.9909999999999854	-0.054737999999999995
11	0	0	0
11	0	0	0
11	0	0	0
5	-0.9479999999999791	3.911999999999999	-0.061702900000000005
4484	8.780999999999977	-1.9641000000000162	0.06576190000000015
4496	7.859000000000037	18.628500000000003	0.030362
4442	-9.764999999999986	23.51260000000002	-0.8251273999999984
4274	-39.16399999999993	23.535600000000002	-0.5102703999999997
845	42.59299999999979	-26.813500000000005	-0.15308549999999993
41	13.745999999999981	42.899	0.051086200000000005
11	0.9599999999999795	18.6738	0.024131700000000006
2177	-72.58100000000002	-148.67420000000007	0.010300300000000005
2177	0	0	0
1247	16.655	-155.33109999999994	0.1491261000000001
