4499	19.540999999999997	-7.852000000000004	-0.019603000000000037
4499	49.55899999999997	-18.252999999999986	-0.01660600000000001
4499	44.397999999999996	-15.661000000000001	-0.01802799999999999
3509	76.89569999999993	206.15300000000008	-0.21992709999999954
1004	-68.86590000000002	442.8420000000001	-1.12093
4502	41.738999999999976	-23.49599999999998	-0.035832000000000086
2594	55.89099999999979	366.8399999999999	-0.2712509
614	-280.5599999999995	52.5420000000002	0.16753229999999952
614	0	0	0
614	0	0	0
614	0	0	0
614	0	0	0
614	0	0	0
614	0	0	0
2	1.25	-0.0030000000000143245	0.032769200000000005
4493	20.869000000000028	-3.875	0.29792700000000005
4499	13.055000000000007	-13.09099999999998	-0.045653000000000055
4286	407.07100000000025	28.546999999999997	0.1965184
4484	14.281000000000063	-39.111999999999995	0.2359619000000001
62	-36.72999999999993	14.430000000000007	-0.08327280000000001
11	-3.9000000000000057	0.9830000000000041	0.0186708
8	1.2930000000000064	-0.002999999999985903	0.037338800000000005
8	0	0	0
2	1.2700000000000387	0.0030000000000143245	0.012016099999999995
3104	-152.72799999999995	-60.131000000000014	0.13366350000000002
