4508	-682.2690000000005	-299.0680000000004	-2.128405700000004
4094	100.34399999999982	3.95699999999988	0.03776430000000014
4715	-228.3259999999998	-134.39999999999995	-0.25865890000000025
4637	-619.875799999999	-345.76199999999926	0.1193608000000006
3251	-4521.075299999996	-680.0858999999984	2.4307037000000005
4286	490.692	87.47999999999999	0.38217130000000105
812	279.2289999999999	-74.58199999999971	0.6078540000000001
2399	-1444.7187000000004	505.38400000000166	2.266194200000002
47	27.375000000000085	-1.2999999999999545	0.02822930000000004
113	25.99600000000015	-35.11999999999995	0.015683599999999985
2	7.838999999999999	22.18900000000002	-0.163098
38	489.34700000000004	-71.68400000000008	-0.12514040000000004
11	-20.86099999999999	13.050000000000011	0.0559972
11	0	0	0
56	485.5799999999997	-69.172	-0.07549499999999998
4355	-514.1000000000001	-301.7556999999996	-1.5036218000000003
4181	144.62700000000012	-129.40820000000014	0.8895544000000004
3248	233.46800000000042	441.0954999999994	1.6177460999999993
4088	600.3860000000006	-210.02299999999983	0.3717472999999998
1481	-204.07599999999996	332.76419999999973	0.007652399999999941
68	22.13799999999992	-22.149699999999882	-0.07987140000000001
17	-10.48599999999999	-7.814000000000021	-0.027305899999999987
23	-120.01999999999995	-5.199999999999989	0.012040599999999992
41	5.143999999999977	-1.2560000000000286	-0.006587799999999998
3752	47.01600000000002	-17.7709999999999	0.006826200000000018
