4502	64.66361	8.860000000000014	-0.010604000000000086
4508	-487.0112899999999	176.67300000000012	0.0872426
4619	77.95808000000022	382.8359999999997	-0.9583291000000014
3848	-1944.2305100000026	1639.4389999999994	1.5142655999999985
5174	-1231.9491599999997	84.8690000000002	1.0472963999999976
4616	17.640869999999154	562.3640000000001	-0.08063969999999973
593	-1578.642830000003	935.3118999999995	-0.4685103
4190	3702.8049999999935	-836.6349999999987	2.1470900000000026
2	-38.24000000000001	29.462999999999965	-0.041364999999999985
2	-29.420000000000073	-5.8799999999999955	-0.05743099999999998
2	0	0	0
5	-26.460000000000036	0.06200000000001182	-0.010318600000000011
2	-32.429999999999836	64.71199999999999	-0.032623999999999986
2	0	0	0
8	-61.700000000000045	-17.466000000000008	-0.0252072
4496	50.17999999999995	-0.01999999999998181	0.04801500000000014
4505	44.096360000000004	29.7410000000001	-0.09857889999999997
4451	111.77139999999997	-364.729	0.9928891000000015
4493	-23.48300000000029	41.20599999999996	-0.03915189999999996
1349	100.93899999999962	146.10699999999997	-0.031630399999999975
38	-55.919999999999845	-0.10100000000005593	-0.034122400000000025
59	385.36400000000015	-73.76699999999983	0.001460900000000001
1691	-220.85099999999943	-553.7310000000004	0.2539579
56	111.40999999999985	152.86900000000014	0.24323990000000006
1235	-451.56399999999996	-211.65800000000013	-0.06485650000000011
