6044	2548.957700000006	-1518.2899999999968	-1.5885095000000033
6695	568.1079999999977	-987.2050000000002	1.3967632000000003
7007	1422.1642000000024	562.126999999999	0.3299071000000013
902	1718.1446000000003	54.44099999999992	0.5578639000000003
605	-54.45500000000004	-194.02199999999982	1.4772751000000015
7559	-2170.798499999996	1003.0529999999992	0.22503359999999634
653	1908.5029999999995	-607.3380000000002	-1.605961599999999
578	-528.7601999999997	281.9959999999997	-0.4278671000000001
662	450.79300000000023	129.30880000000002	0.05063430000000012
701	381.9390000000001	292.0925999999999	0.3737962
473	164.58400000000017	45.099999999999994	0.4664580999999999
431	-360.637	-319.252	0.18061300000000002
626	632.6960000000004	-303.64220000000006	0.016582099999999794
464	101.92830000000006	-137.02600000000012	0.47692389999999996
434	217.59700000000012	-221.19599999999997	0.032986100000000074
6005	1718.1800000000012	-844.5379999999974	-5.0771131999999985
5885	1878.824	-893.424999999999	0.44133460000000113
5825	-738.4690000000048	431.00300000000004	1.4060574000000017
5984	1884.5297999999998	-507.12099999999964	-1.171735000000004
1682	828.6279999999996	-706.0149999999996	0.009629300000000153
425	129.60699999999989	-197.86499999999995	0.03596960000000003
581	770.1510000000003	-450.8730000000001	-0.18476439999999966
536	-546.2889999999998	-100.06099999999992	0.4057329
416	9.803000000000068	-88.14900000000017	0.0711235
2474	-292.3020000000005	127.1999999999997	0.4776709999999998
