4733	-291.4299999999995	394.74600000000027	-1.3255820999999992
4496	20.63900000000001	67.72899999999993	0.010985200000000056
4712	-1827.6799999999998	5.823999999999842	-0.12827800000000023
224	-315.89853	23.39519999999999	0.35791149999999966
38	217.78999999999996	529.7359999999999	-0.1938342
3980	1227.104999999999	32.24400000000014	0.4829777000000001
29	-182.79999999999973	-23.576000000000136	0.40245980000000003
179	-115.0010000000002	-91.346	0.22786129999999993
179	0	0	0
179	0	0	0
20	-173.60000000000014	-47.004999999999995	-0.04065659999999999
20	0	0	0
20	0	0	0
17	-120.64999999999986	-26.596000000000004	0.029572400000000026
17	0	0	0
4496	-170.91100000000006	2.882000000000005	-0.08808600000000022
4643	-205.76699999999983	-41.186000000000035	0.5297283999999999
4526	132.12299999999993	161.5999999999999	-0.9779440000000027
4472	55.520000000000664	-214.92399999999975	-0.6765447000000001
1268	799.4190000000004	956.0590000000003	0.08015970000000007
2	14.779999999999973	11.796999999999912	-0.003616099999999997
317	294.6159999999994	-68.35499999999996	0.03416289999999998
2	29.423000000000002	2.9429999999999836	-0.0018689999999999957
2	0	0	0
2234	981.8460000000006	312.47700000000015	0.25500139999999977
