6023	-1866.9720000000025	-80.52310000000028	2.6805545999999945
2702	-398.1970000000001	312.0770000000001	0.25808370000000014
2033	497.8069999999998	-658.394	-0.3292798999999999
68	-17.738000000000056	-10.743000000000023	-0.2107143000000001
71	18.573000000000036	-100.71800000000007	0.08887249999999997
2891	102.79500000000013	-80.08100000000027	-0.3670890000000003
191	54.847999999999956	-80.20600000000002	-0.0622775
53	23.483999999999924	-111.50799999999995	0.03656190000000002
8	-0.004000000000019099	-1.9599999999999795	0.0046205
8	0	0	0
2	-0.9510000000000218	0.01999999999998181	0.0065167
2	0	0	0
2	0	0	0
2	0	0	0
2	0	0	0
5627	1043.0320000000002	-226.39160000000015	-1.8068320000000004
5756	-760.1150000000005	-574.8552999999989	-0.7654902999999974
4055	-238.5910000000003	-8.952299999999852	-0.30517780000000083
4781	824.6479999999988	234.6385000000004	-1.454864699999999
581	-142.03799999999995	81.07999999999997	0.020553000000000002
65	-42.216000000000065	4.89700000000002	-0.017377499999999997
176	11.887000000000114	95.09879999999993	0.026404199999999982
176	0	0	0
176	0	0	0
119	1.9979999999999905	33.60149999999999	0.0076927000000000245
