6554	348.23999999999904	-425.0779999999995	0.7592792000000038
9410	-556.0020000000005	-521.8170000000006	-0.4092330999999949
10472	2875.5089999999987	514.9540000000011	2.0619619000000062
2981	852.855	609.9399999999973	0.8381343000000013
1964	411.77400000000125	-2251.768999999998	2.5419643000000027
10637	-4644.039000000015	-2407.293000000002	-1.483983699999997
2558	-1783.6490000000017	-833.2290000000042	-2.299554700000001
845	-4176.772000000001	1495.6650000000002	-4.690615399999999
3911	-290.61299999999994	-653.3660000000006	-0.3622710000000002
4085	-692.2749999999993	-847.6470000000013	-0.06499419999999977
3548	-194.55199999999854	397.5279999999999	0.3201481000000006
4343	107.59100000000046	570.6129999999996	-0.5376746000000004
2843	-673.2909999999973	-774.3099999999986	0.02753109999999992
3164	8.304999999999893	250.28300000000013	-0.08612020000000004
6293	143.22300000000303	61.965000000000146	-0.582424500000001
5636	1455.0850000000023	-174.34800000000024	2.7531678000000053
5912	-1765.3430000000008	-477.7130000000004	-1.2070402000000007
6143	-4100.568000000001	750.8690000000008	-6.0288288999999935
5819	-770.8479999999943	-1265.0889999999995	2.038204099999998
3980	3338.844000000002	-2446.598000000004	-0.8649866999999984
3929	-23.17800000000466	29.359000000000037	-0.04722289999999993
5084	-947.9249999999997	-255.9759999999991	-0.4465907999999997
4013	-43.98599999999976	126.83099999999996	-0.3242962000000005
3977	11.42199999999849	64.79599999999971	-0.23329400000000008
5615	2548.801000000002	-1869.101000000001	-0.22760360000000013
