4553	-638.7209999999994	-781.9372999999998	0.09313189999999946
2516	113.4929999999998	-199.57669999999996	0.11044930000000003
2585	-260.24200000000013	-770.46001	0.23384609999999995
290	-690.5074000000002	445.1691999999999	-0.11595989999999998
155	366.7573	-204.39679999999998	-0.028757599999999987
2471	691.6519999999988	354.07200000000046	-0.6545827000000001
698	-60.61339999999993	-450.97670000000005	-0.1806831
233	-365.744	233.9463	-0.6798414000000002
233	0	0	0
233	0	0	0
2	-1.9739999999999895	64.57549999999999	-0.019611599999999993
2	0	0	0
2	0	0	0
5	23.470999999999947	70.4143	0.005642099999999997
2	-6.853999999999985	0.9821000000000026	0.0016459999999999947
3161	-1067.244999999998	-498.92010000000096	-0.09595699999999932
3593	1111.268000000001	766.9001999999988	2.5627925000000022
2612	-171.1999999999994	79.17370000000052	0.5405667999999997
2720	-368.7059999999999	45.11970000000005	-0.12031420000000026
2144	644.9710000000002	550.2566000000013	0.04845860000000002
245	-7.899000000000086	70.92909999999998	-0.036480600000000016
1430	-168.6900000000004	-34.31649999999988	0.2003133000000002
14	-1.0040000000000475	5.857000000000028	-0.011160699999999989
14	0	0	0
467	35.345	5.609499999999983	0.06874089999999997
