2150	-39.249000000000024	62.58499999999995	0.49137579999999975
1913	87.48399999999992	-6.517999999999972	0.10676380000000002
1961	-23.43799999999996	-36.565	0.06572900000000007
1961	0	0	0
11	378.57400000000007	63.89980000000001	-0.1903575
1955	82.29500000000007	-6.527999999999963	0.1383773
2	2.58299999999997	9.095999999999975	-0.0656352
8	7.851999999999975	20.90809999999999	0.0219815
8	0	0	0
8	0	0	0
8	0	0	0
8	0	0	0
8	0	0	0
8	0	0	0
8	0	0	0
2168	-16.99599999999998	-212.24499999999992	0.0771590999999999
2174	207.44399999999993	-682.4719999999995	-0.4070369999999997
1658	102.98199999999994	-336.6316999999995	-0.16754769999999986
2105	-24.662000000000063	23.233000000000033	0.24359940000000013
1043	-255.15000000000003	-215.67299999999994	-0.0718023
8	10.324000000000012	-5.1769999999999925	-0.006784999999999999
533	-382.02200000000005	163.56199999999978	0.022613099999999983
533	0	0	0
533	0	0	0
1316	20.638999999999953	31.718100000000007	0.14139759999999993
