4496	-79.50199999999995	158.80900000000005	0.006118000000000068
4496	58.81000000000017	5.870999999999981	-0.09431399999999998
4499	-2.90199999999993	88.25999999999999	0.03286689999999998
3356	245.4100000000003	482.9259999999995	0.45509500000000014
920	-859.518	-473.8069999999998	-0.6483009999999991
4499	738.7429999999999	2.9610000000000127	0.0036188000000000053
530	-474.1800000000002	559.4199999999996	-1.4139055999999999
365	3378.82	14.308000000000334	2.8642078000000004
365	0	0	0
365	0	0	0
173	282.7709999999998	323.58100000000024	0.05196340000000004
173	0	0	0
173	0	0	0
17	-8.886000000000081	2.9190000000000964	0.0011639000000000094
17	0	0	0
4487	-103.05000000000007	161.85199999999992	-0.074635
4496	-114.80000000000018	120.59300000000002	0.0495239999999999
3941	-38.54199999999946	100.13499999999976	1.3754528000000013
4493	329.8259999999999	64.80899999999997	0.5296431000000016
632	-958.7840000000008	477.192	0.032951
5	94.279	-141.29100000000005	-0.006436500000000012
5	0	0	0
3347	809.9760000000006	161.8250000000009	0.07471469999999994
5	-108.667	38.214000000000055	0.1068827
3839	-18.79999999999984	14.473800000000097	0.03950809999999999
