4496	-36.537999999999954	9.103999999999985	0.017925999999999942
4496	-2.627999999999986	16.928999999999974	-0.06092299999999992
4496	-16.951000000000022	20.889999999999986	-0.004714000000000024
4496	0	0	0
32	118.69900000000001	-100.46700000000001	-0.32384070000000004
4685	-245.2639999999999	322.2790000000001	-0.0660887
4685	0	0	0
8	37.84399999999994	140.952	0.06089330000000001
8	0	0	0
8	0	0	0
8	0	0	0
8	0	0	0
8	0	0	0
8	0	0	0
8	0	0	0
4496	-41.726	2.64700000000002	-0.03738399999999997
4496	-31.251000000000033	-0.016999999999995907	-0.022442000000000073
4424	-71.80799999999999	61.39799999999997	0.03837860000000004
4430	-11.843999999999937	-62.619	1.0090811000000002
2024	-24.68299999999988	91.68600000000004	-0.16157050000000003
35	-72.98599999999988	-56.43300000000002	0.0002833000000000002
26	2.6109999999998763	-6.5099999999999625	-0.005645899999999995
4289	-99.17099999999988	67.82399999999996	3.4500000000013686e-05
4289	0	0	0
1004	-133.50000000000003	-51.42500000000001	0.19806209999999982
